ncols         10
nrows         48
xllcorner     10200.000000
yllcorner     0.000000
cellsize      200
NODATA_value  -9999
12.06 12.06 12.06 12.06 12.06 12.06 12.06 12.06 12.06 12.06
-9999 12.2 12.2 12.2 12.2 12.2 12.2 12.2 12.2 12.2
-9999 12.337 12.337 12.337 12.337 12.337 12.337 12.337 12.337 12.337
12.472 12.472 12.472 12.472 12.472 12.472 12.472 12.472 12.472 -9999
-9999 12.605 12.605 12.605 12.605 12.605 12.605 12.605 12.605 -9999
-9999 12.735 12.735 12.735 12.735 12.735 12.735 12.735 12.735 -9999
-9999 12.863 12.863 12.863 12.863 12.863 12.863 12.863 12.863 -9999
-9999 12.99 12.99 12.99 12.99 12.99 12.99 12.99 12.99 -9999
-9999 13.239 13.239 13.239 13.239 13.239 13.239 13.239 13.239 -9999
13.361 13.361 13.361 13.361 13.361 13.361 13.361 13.361 13.361 -9999
13.481 13.481 13.481 13.481 13.481 13.481 13.481 13.481 -9999 -9999
-9999 13.599 13.599 13.599 13.599 13.599 13.599 13.599 13.599 -9999
13.716 13.716 13.716 13.716 13.716 13.716 13.716 13.716 13.716 -9999
13.831 13.831 13.831 13.831 13.831 13.831 13.831 13.831 13.831 -9999
-9999 15.881 16.624 16.624 16.624 16.624 16.624 16.624 16.624 -9999
-9999 28.538 28.538 28.538 28.538 28.538 28.538 28.538 28.538 -9999
-9999 29.091 29.091 29.091 29.091 29.091 29.091 29.091 29.091 -9999
29.639 29.639 29.639 29.639 29.639 29.639 29.639 29.639 29.639 -9999
-9999 30.182 30.182 30.182 30.182 30.182 30.182 30.182 -9999 -9999
-9999 30.72 30.72 30.72 30.72 30.72 30.72 30.72 -9999 -9999
-9999 31.253 31.253 31.253 31.253 31.253 31.253 31.253 -9999 -9999
-9999 31.783 31.783 31.783 31.783 31.783 31.783 31.783 -9999 -9999
-9999 32.312 32.312 32.312 32.312 32.312 32.312 32.312 -9999 -9999
-9999 32.84 32.84 32.84 32.84 32.84 32.84 32.84 -9999 -9999
-9999 32.84 32.84 32.84 32.84 32.84 32.84 32.84 -9999 -9999
-9999 32.84 32.84 32.84 32.84 32.84 32.84 32.84 -9999 -9999
-9999 32.84 32.84 32.84 32.84 32.84 32.84 32.84 -9999 -9999
-9999 32.84 32.84 32.84 32.84 32.84 32.84 32.84 -9999 -9999
-9999 32.84 32.84 32.84 32.84 32.84 32.84 32.84 32.84 -9999
-9999 32.84 32.84 32.84 32.84 32.84 32.84 32.84 32.84 -9999
32.84 32.84 32.84 32.84 32.84 32.84 32.84 32.84 32.84 -9999
32.84 32.84 32.84 32.84 32.84 32.84 32.84 32.84 32.84 -9999
32.84 32.84 32.84 32.84 32.84 32.84 32.84 32.84 32.84 -9999
32.84 32.84 32.84 32.84 32.84 32.84 32.84 32.84 32.84 -9999
32.84 32.84 32.84 32.84 32.84 32.84 32.84 32.84 32.84 -9999
32.84 32.84 32.84 32.84 32.84 32.84 32.84 32.84 32.84 -9999
32.84 32.84 32.84 32.84 32.84 32.84 32.84 32.84 32.84 -9999
32.84 32.84 32.84 32.84 32.84 32.84 32.84 32.84 32.84 -9999
32.84 32.84 32.84 32.84 32.84 32.84 32.84 32.84 32.84 -9999
-9999 32.84 32.84 32.84 32.84 32.84 32.84 32.84 -9999 -9999
-9999 32.84 32.84 32.84 32.84 32.84 32.84 -9999 -9999 -9999
-9999 32.84 32.84 32.84 32.84 32.84 32.84 -9999 -9999 -9999
-9999 32.84 32.84 32.84 32.84 32.84 32.84 -9999 -9999 -9999
-9999 32.84 32.84 32.84 32.84 32.84 32.84 -9999 -9999 -9999
-9999 -9999 32.84 32.84 32.84 32.84 -9999 -9999 -9999 -9999
-9999 -9999 32.84 32.84 32.84 -9999 -9999 -9999 -9999 -9999
-9999 -9999 -9999 32.84 -9999 -9999 -9999 -9999 -9999 -9999
-9999 -9999 -9999 32.84 -9999 -9999 -9999 -9999 -9999 -9999
