ncols         14
nrows         48
xllcorner     1600.000000
yllcorner     0.000000
cellsize      200
NODATA_value  -9999
0 0 0 0 0 0 0 0 0 0 0 0 0 0
0 0 0 0 0 0 0 0 0 0 0 0 0 0
0 0 0 0 0 0 0 3.334 0 0 0 0 0 0
0 0 0 0 0 0 0 3.1513 0 0 0 0 0 0
0 0 0 0 0 0 0 2.9953 0 0 0 0 0 0
0 0 0 0 0 0 0 2.8655 0 0 0 0 0 0
0 0 0 0 0 0 0 2.7405 0 0 0 0 0 0
0 0 0 0 0 0 0 2.626 0 0 0 0 0 0
0 0 0 0 0 0 0 2.5227 0 0 0 0 0 0
0 0 0 0 0 0 0 2.4239 0 0 0 0 0 0
0 0 0 0 0 0 0 2.3295 0 0 0 0 0 0
0 0 0 0 0 0 0 2.2389 0 0 0 0 0 0
0 0 0 0 0 0 0 2.1521 0 0 0 0 0 0
0 0 0 0 0 0 0 2.069 0 0 0 0 0 0
0 0 0 0 0 0 0 1.9882 0 0 0 0 0 0
0 0 0 0 0 0 0 1.9086 0 0 0 0 0 0
0 0 0 0 0 2.2943 2.0981 1.9074 1.7978 0 0 0 0 0
0 0 0 0 0 0 0 0 1.7238 0 0 0 0 0
0 0 0 0 0 0 0 0 1.6537 0 0 0 0 0
0 0 0 0 0 0 0 0 1.5851 0 0 0 0 0
0 0 0 0 0 0 0 0 1.5179 0 0 0 0 0
0 0 0 0 0 0 0 0 1.4516 0 0 0 0 0
0 0 0 0 0 0 0 0 0 1.359 0 0 0 0
0 0 0 0 0 0 0 0 0 1.2945 0 0 0 0
0 0 0 0 0 0 0 0 0 1.2309 0 0 0 0
0 0 0 0 0 0 0 0 0 0 1.1427 0 0 0
0 0 0 0 0 0 0 0 0 0 1.0817 0 0 0
0 0 0 0 0 0 0 0 0 0 1.0217 0 0 0
0 0 0 0 0 0 0 0 0 0 0.96222 0 0 0
0 0 0 0 0 0 1.2994 1.2263 0 0 0.90334 0 0 0
0 0 0 0 0 0 0 1.0626 0 0 0.84497 0 0 0
0 0 0 0 0 0 0 0.92898 0 0 0.78704 0 0 0
0 0 0 0 0 1.2692 1.0817 0.902 0.76119 0.70552 0 0 0 0
0 0 0 0 0 0 0 0 0 0.65185 0 0 0 0
0 0 0 0 0 0 0 0 0 0.60225 0 0 0 0
0 0 0 0 0 0 0 0 0 0.55313 0 0 0 0
0 0 0 0 0 0 0 0 0 0.50436 0 0 0 0
0 0 0 0 0 0 0 0 0 0.45658 0 0 0 0
0 0 0 0 0 0 0 0 0 0.40978 0 0 0 0
0 0 0 0 0 0 0 0 0 0.36323 0 0 0 0
0 0 0 0 0 0 0 0 0 0.31702 0 0 0 0
0 0 0 0 0 0 0 0 0 0.27112 0 0 0 0
0 0 0 0 0 0 0 0 0 0.22545 0 0 0 0
0 0 0 0 0 0 0 0 0 0.18002 0 0 0 0
0 0 0 0 0 0 0 0 0 0.13482 0 0 0 0
0 0 0 0 0 0 0 0 0 0.089803 0 0 0 0
0 0 0 0 0 0 0 0 0 0.044879 0 0 0 0
0 0 0 0 0 0 0 0 0 0 0 0 0 0
