ncols         13
nrows         48
xllcorner     17000.000000
yllcorner     0.000000
cellsize      200
NODATA_value  -9999
-9999 -9999 -9999 10.139 10.139 10.139 10.139 10.139 10.139 10.139 10.139 10.139 10.139
-9999 -9999 -9999 10.255 10.255 10.255 10.255 10.255 10.255 10.255 10.255 10.255 10.255
-9999 -9999 10.255 10.369 10.369 10.369 10.369 10.369 10.369 10.369 10.369 10.369 10.369
-9999 -9999 10.369 10.479 10.479 10.479 10.479 10.479 10.479 10.479 10.479 10.479 10.479
-9999 -9999 10.479 10.588 10.588 10.588 10.588 10.588 10.588 10.588 10.588 10.588 10.588
-9999 -9999 -9999 10.696 10.696 10.696 10.696 10.696 10.696 10.696 10.696 10.696 10.696
-9999 -9999 -9999 10.803 10.803 10.803 10.803 10.803 10.803 10.803 10.803 10.803 10.803
-9999 -9999 -9999 10.907 10.907 10.907 10.907 10.907 10.907 10.907 10.907 10.907 10.907
-9999 -9999 -9999 11.009 11.009 11.009 11.009 11.009 11.009 11.009 11.009 11.009 11.009
-9999 -9999 -9999 11.11 11.11 11.11 11.11 11.11 11.11 11.11 11.11 11.11 11.11
-9999 -9999 11.11 11.21 11.21 11.21 11.21 11.21 11.21 11.21 11.21 11.21 11.21
-9999 -9999 11.21 11.308 11.308 11.308 11.308 11.308 11.308 11.308 11.308 11.308 11.308
-9999 -9999 11.308 11.405 11.405 11.405 11.405 11.405 11.405 11.405 11.405 11.405 11.405
-9999 -9999 -9999 11.502 11.502 11.502 11.502 11.502 11.502 11.502 11.502 11.502 11.502
-9999 -9999 -9999 -9999 15.038 15.038 15.038 15.038 15.038 15.038 14.205 14.205 13.75
-9999 -9999 -9999 -9999 29.283 29.283 29.283 29.283 29.283 29.283 29.283 25.273 22.904
-9999 -9999 -9999 29.742 29.742 29.742 29.742 29.742 29.742 29.742 29.742 29.742 29.742
-9999 -9999 29.742 30.198 30.198 30.198 30.198 30.198 30.198 30.198 30.198 30.198 30.198
-9999 -9999 30.198 30.651 30.651 30.651 30.651 30.651 30.651 30.651 30.651 30.651 30.651
-9999 -9999 30.651 31.102 31.102 31.102 31.102 31.102 31.102 31.102 31.102 31.102 31.102
-9999 31.102 31.102 31.551 31.551 31.551 31.551 31.551 31.551 31.551 31.551 31.551 31.551
-9999 -9999 31.551 31.998 31.998 31.998 31.998 31.998 31.998 31.998 31.998 31.998 31.998
-9999 -9999 -9999 32.445 32.445 32.445 32.445 32.445 32.445 32.445 32.445 32.445 32.445
-9999 -9999 -9999 32.892 32.892 32.892 32.892 32.892 32.892 32.892 32.892 32.892 32.892
-9999 -9999 -9999 32.892 32.892 32.892 32.892 32.892 32.892 32.892 32.892 32.892 32.892
-9999 -9999 32.892 32.892 32.892 32.892 32.892 32.892 32.892 32.892 32.892 32.892 32.892
-9999 -9999 32.892 32.892 32.892 32.892 32.892 32.892 32.892 32.892 32.892 32.892 32.892
-9999 -9999 -9999 32.892 32.892 32.892 32.892 32.892 32.892 32.892 32.892 32.892 32.892
-9999 -9999 -9999 32.892 32.892 32.892 32.892 32.892 32.892 32.892 32.892 32.892 32.892
-9999 -9999 -9999 32.892 32.892 32.892 32.892 32.892 32.892 32.892 32.892 32.892 32.892
-9999 -9999 -9999 32.892 32.892 32.892 32.892 32.892 32.892 32.892 32.892 32.892 32.892
-9999 -9999 -9999 32.892 32.892 32.892 32.892 32.892 32.892 32.892 32.892 32.892 32.892
-9999 -9999 -9999 32.892 32.892 32.892 32.892 32.892 32.892 32.892 32.892 32.892 32.892
-9999 -9999 -9999 32.892 32.892 32.892 32.892 32.892 32.892 32.892 32.892 32.892 32.892
-9999 32.892 32.892 32.892 32.892 32.892 32.892 32.892 32.892 32.892 32.892 32.892 32.892
32.892 32.892 32.892 32.892 32.892 32.892 32.892 32.892 32.892 32.892 32.892 32.892 32.892
-9999 32.892 32.892 32.892 32.892 32.892 32.892 32.892 32.892 32.892 32.892 32.892 32.892
-9999 32.892 32.892 32.892 32.892 32.892 32.892 32.892 32.892 32.892 32.892 32.892 32.892
-9999 32.892 32.892 32.892 32.892 32.892 32.892 32.892 32.892 32.892 32.892 32.892 32.892
-9999 -9999 -9999 32.892 32.892 32.892 32.892 32.892 32.892 32.892 32.892 32.892 32.892
-9999 -9999 -9999 -9999 -9999 -9999 32.892 32.892 32.892 32.892 32.892 32.892 32.892
-9999 -9999 -9999 -9999 -9999 -9999 -9999 32.892 32.892 32.892 32.892 32.892 32.892
-9999 -9999 -9999 -9999 -9999 -9999 -9999 32.892 32.892 32.892 32.892 32.892 -9999
-9999 -9999 -9999 -9999 -9999 -9999 -9999 32.892 32.892 32.892 32.892 32.892 -9999
-9999 -9999 -9999 -9999 -9999 -9999 -9999 32.892 32.892 32.892 32.892 32.892 -9999
-9999 -9999 -9999 -9999 -9999 -9999 -9999 -9999 32.892 32.892 32.892 32.892 -9999
-9999 -9999 -9999 -9999 -9999 -9999 -9999 -9999 32.892 32.892 32.892 32.892 -9999
-9999 -9999 -9999 -9999 -9999 -9999 -9999 -9999 32.892 32.892 32.892 32.892 -9999
