ncols         22
nrows         48
xllcorner     13400.000000
yllcorner     0.000000
cellsize      200
NODATA_value  -9999
0 0 0 0 0 0 0 0 0 0 0 0 0 0 0 0 0 0 0 0 0 0
0 0 0 0 0 0 0 0 0 0 0 0 0 0 0 0 0 0 0 0 0 0
0 0 0 0 0 0 0 0 0 0 2.7361 0 0 0 0 0 0 0 0 0 0 0
0 0 0 0 0 0 0 0 0 0 2.5782 0 0 0 0 0 0 0 0 0 0 0
0 0 0 0 0 0 0 2.8983 2.7038 2.5164 2.433 0 0 0 0 0 3.2735 0 0 0 0 0
0 0 0 0 0 0 0 0 0 0 2.307 0 0 0 0 0 3.0902 0 0 0 0 0
0 0 0 0 0 0 0 0 0 0 2.1997 0 0 0 0 0 2.9231 0 0 0 0 0
0 0 0 0 0 0 0 0 0 0 2.0971 0 0 0 0 0 2.7693 0 0 0 0 0
0 0 0 0 0 0 0 0 0 0 1.9968 0 0 0 0 0 2.6269 0 0 0 0 0
0 0 0 0 0 0 0 2.34 0 0 1.8992 0 0 0 0 0 2.4931 0 0 0 0 0
0 0 0 0 0 0 0 2.1642 0 0 1.8044 0 0 0 0 0 2.366 0 0 0 0 0
0 0 0 0 0 0 0 1.9975 0 0 1.7116 0 0 0 0 0 2.2443 0 0 0 0 0
0 0 0 0 0 0 2.1432 1.9506 1.7955 1.6747 1.6201 0 0 0 0 0 2.1268 0 0 0 0 0
0 0 0 0 0 0 0 0 0 0 1.5386 0 0 0 0 0 2.012 0 0 0 0 0
0 0 0 0 0 0 0 0 0 0 1.4671 0 0 0 1.7609 1.8604 0 0 0 0 0 0
0 0 0 0 0 0 0 0 0 0 1.3965 0 0 1.6244 0 0 0 0 0 0 0 0
0 0 0 0 0 0 0 0 0 0 1.3266 0 0 1.5309 0 0 0 0 0 0 0 0
0 0 0 0 0 2.0775 1.8882 1.7098 1.5395 1.3739 1.2598 0 0 1.4389 0 0 0 0 0 0 0 0
0 0 0 0 0 0 0 0 0 0 1.196 1.2329 1.3155 0 0 0 0 0 0 0 0 0
0 0 0 0 0 0 0 0 0 0 1.1392 0 0 0 0 0 0 0 0 0 0 0
0 0 0 0 0 0 0 0 0 0 1.0894 0 0 0 0 0 0 0 0 0 0 0
0 0 0 0 0 0 0 0 0 0 1.0398 0 0 0 0 0 0 0 0 0 0 0
0 0 0 0 0 0 0 0 0 0 0.99056 0 0 0 0 0 0 0 0 0 0 0
0 0 0 0 0 0 0 0 1.2296 1.0506 0.94269 0 0 0 0 0 0 0 0 0 0 0
0 0 0 0 0 0 0 0 0 0 0.89599 0 0 0 0 0 0 0 0 0 0 0
0 0 0 0 0 0 0 0 0 0 0.84954 0 0 0 0 1.6096 0 0 0 0 0 0
0 0 0 0 0 0 0 0 0 0 0.80329 0 0 0 0 1.4341 0 0 0 0 0 0
0 0 0 0 0 0 1.4046 1.2171 1.0387 0.86595 0.75926 0.84175 0.96531 1.0908 1.22 0 0 0 0 0 0 0
0 0 0 0 0 0 0 0 0 0 0.71743 0 0 0 0 0 0 0 0 0 0 0
0 0 0 0 0 0 0 0 0 0 0.67576 0 0 0 0 0 0 0 0 0 0 0
0 0 0 0 0 0 0 0 0 0 0.63433 0 0 0 0 0 0 0 0 0 0 0
0 0 0 0 0 0 0 0 0 0 0.59375 0.69478 0.85809 1.026 1.2031 1.3906 0 0 0 0 0 0
0 0 0 0 0 0 0 0 0 0 0.55396 0 0 0 0 0 0 0 0 0 0 0
0 0 0 0 0 0 0 0 0.81929 0.62858 0.51471 0 0 0 0 0 0 0 0 0 0 0
0 0 0 0 0 0 0 0 0 0 0.47603 0 0 0 0 0 0 0 0 0 0 0
0 0 0 0 0 0 0 0 0 0 0.43763 0 0 0 0 0 0 0 0 0 0 0
0 0 0 0 0 0 0 0 0 0 0.39946 0 0 0 0 0 0 0 0 0 0 0
0 0 0 0 0 0 0 0 0 0 0.36198 0.47846 0.67651 0 0 0 0 0 0 0 0 0
0 0 0 0 0 0 0 0 0 0 0.32518 0 0 0 0 0 0 0 0 0 0 0
0 0 0 0 0 0 0 0 0 0 0.28851 0 0 0 0 0 0 0 0 0 0 0
0 0 0 0 0 0 0 0 0 0 0.25201 0 0 0 0 0 0 0 0 0 0 0
0 0 0 0 0 0 0 0 0 0 0.21567 0 0 0 0 0 0 0 0 0 0 0
0 0 0 0 0 0 0 0 0 0 0.17948 0 0 0 0 0 0 0 0 0 0 0
0 0 0 0 0 0 0 0 0 0 0.14341 0 0 0 0 0 0 0 0 0 0 0
0 0 0 0 0 0 0 0 0 0 0.10745 0 0 0 0 0 0 0 0 0 0 0
0 0 0 0 0 0 0 0 0 0 0.071589 0 0 0 0 0 0 0 0 0 0 0
0 0 0 0 0 0 0 0 0 0 0.035771 0 0 0 0 0 0 0 0 0 0 0
0 0 0 0 0 0 0 0 0 0 0 0 0 0 0 0 0 0 0 0 0 0
