ncols         6
nrows         9
xllcorner     13400.000000
yllcorner     0.000000
cellsize      200
NODATA_value  -9999
-32768 20.894 16.462 20.19 -32768 -32768
26.483 18.464 13.522 17.475 22.835 31.644
24.991 16.62 11.156 15.574 21.281 -32768
23.592 14.925 9.0431 14.92 23.604 -32768
22.239 13.291 7.0517 13.291 22.256 -32768
20.919 11.718 5.1779 11.718 20.917 -32768
-32768 12.89 3.4185 12.89 -32768 -32768
-32768 9.8839 1.7074 9.8842 -32768 -32768
-32768 0.00044013 0.00014215 0.00067279 -32768 -32768
