ncols         11
nrows         48
xllcorner     0.000000
yllcorner     0.000000
cellsize      200
NODATA_value  -9999
0 0 0 0 0 0 0 0 0 0 0
0 0 0 0 0 0 0 0 0 0 0
0 0 0 0 0 0 0 0 0 0 0
0 0 0 0 0 0 0 0 0 0 0
0 0 0 0 0 0 0 0 0 0 0
0 0 0 0 0 3.8212 0 0 0 0 0
0 0 0 0 0 3.6319 0 0 0 0 0
0 0 0 0 0 3.4548 0 0 0 0 0
0 0 0 0 0 3.2869 0 0 0 0 0
0 0 0 0 0 3.1333 0 0 0 0 0
0 0 0 0 0 2.9932 0 0 0 0 0
0 0 0 0 0 2.8582 0 0 0 0 0
0 0 2.7722 0 0 2.7269 0 0 0 0 0
0 0 2.5741 0 2.5532 0 0 0 0 0 0
0 0 2.3832 2.391 0 0 0 0 0 0 0
0 0 2.242 0 0 0 0 0 0 0 0
0 0 2.1477 0 0 0 0 0 0 0 0
0 0 2.0566 0 0 0 0 0 0 0 0
0 0 1.9673 0 0 0 0 0 0 0 0
0 0 1.8796 0 0 0 0 0 0 0 0
0 0 1.7932 0 0 0 0 0 0 0 0
0 0 1.7077 0 0 0 0 0 0 0 0
0 0 1.6229 0 0 0 0 0 0 0 0
0 0 1.5386 1.625 1.7862 1.9557 0 0 0 0 0
0 0 1.4594 0 0 0 0 0 0 0 0
0 0 1.386 0 0 0 0 0 0 0 0
0 0 1.3139 0 0 0 0 0 0 0 0
0 0 1.2427 0 0 0 0 0 0 0 0
0 0 1.1728 0 0 0 0 0 0 0 0
0 0 1.1042 0 0 0 0 0 0 0 0
0 0 1.0364 0 0 0 0 0 0 0 0
0 0 0.96961 0 0 0 0 0 0 0 0
0 0 0.90367 0 0 0 0 0 0 0 0
0 0 0.83857 0 0 0 0 0 0 0 0
0 0 0.77435 0 0 0 0 0 0 0 0
0 0 0.71098 0 0 0 0 0 0 0 0
0 0 0.64811 0 0 0 0 0 0 0 0
0 0 0.58669 0 0 0 0 0 0 0 0
0 0 0.52671 0 0 0 0 0 0 0 0
0 0 0.46701 0 0 0 0 0 0 0 0
0 0 0.40761 0 0 0 0 0 0 0 0
0 0 0.34853 0 0 0 0 0 0 0 0
0 0 0.28976 0 0 0 0 0 0 0 0
0 0 0.23129 0 0 0 0 0 0 0 0
0 0 0.17312 0 0 0 0 0 0 0 0
0 0 0.11519 0 0 0 0 0 0 0 0
0 0 0.057404 0 0 0 0 0 0 0 0
0 0 0 0 0 0 0 0 0 0 0
