ncols         6
nrows         48
xllcorner     9200.000000
yllcorner     0.000000
cellsize      200
NODATA_value  -9999
0 0 0 0 0 0
0 0 0 0 0 0
0 0 0 0 0 0
0 0 0 0 0 0
0 0 0 0 0 0
0 0 0 0 0 0
0 0 0 0 0 0
0 0 0 0 0 0
0 0 3.6776 0 0 0
0 0 3.5067 0 0 0
0 0 3.3475 0 0 0
0 0 3.1965 0 0 0
0 0 3.0536 0 0 0
0 0 2.9161 0 0 0
0 0 2.7852 0 0 0
0 0 2.6611 0 0 0
0 0 2.5423 0 0 0
0 0 2.4276 0 0 0
0 0 2.3167 0 0 0
0 0 2.2101 0 0 0
0 0 2.1069 0 0 0
0 0 2.0069 0 0 0
0 0 1.9097 0 0 0
0 0 1.8148 0 0 0
0 0 1.7223 0 0 0
0 0 1.6325 0 0 0
0 0 1.5447 0 0 0
0 0 1.459 0 0 0
0 0 1.375 0 0 0
0 0 1.2928 0 0 0
0 0 1.2121 0 0 0
0 0 1.1327 0 0 0
0 0 1.0545 0 0 0
0 0 0.97741 0 0 0
0 0 0.90149 0 0 0
0 0 0.82663 0 0 0
0 0 0.75281 0 0 0
0 0 0.68016 0 0 0
0 0 0.60845 0 0 0
0 0 0.53756 0 0 0
0 0 0.46771 0 0 0
0 0 0.39886 0 0 0
0 0 0.33089 0 0 0
0 0 0.2637 0 0 0
0 0 0.19718 0 0 0
0 0 0.13117 0 0 0
0 0 0.065443 0 0 0
0 0 0 0 0 0
