ncols         17
nrows         48
xllcorner     6600.000000
yllcorner     0.000000
cellsize      200
NODATA_value  -9999
12.386 12.509 12.509 12.628 12.628 12.628 12.628 12.628 12.628 12.628 12.628 12.628 12.628 12.628 12.628 12.628 12.509
12.509 12.628 12.628 12.745 12.745 12.745 12.745 12.745 12.745 12.745 12.745 12.745 12.745 12.745 12.745 12.745 -9999
12.628 12.745 12.745 12.861 12.861 12.861 12.861 12.861 12.861 12.861 12.861 12.861 12.861 12.861 12.861 12.861 -9999
12.745 12.861 12.861 12.976 12.976 12.976 12.976 12.976 12.976 12.976 12.976 12.976 12.976 12.976 12.976 -9999 -9999
-9999 12.976 12.976 13.088 13.088 13.088 13.088 13.088 13.088 13.088 13.088 13.088 13.088 13.088 13.088 -9999 -9999
-9999 -9999 13.088 13.2 13.2 13.2 13.2 13.2 13.2 13.2 13.2 13.2 13.2 13.2 -9999 -9999 -9999
-9999 -9999 13.2 13.31 13.31 13.31 13.31 13.31 13.31 13.31 13.31 13.31 13.31 13.31 -9999 -9999 -9999
-9999 -9999 13.31 13.419 13.419 13.419 13.419 13.419 13.419 13.419 13.419 13.419 13.419 13.419 -9999 -9999 -9999
-9999 13.419 13.419 13.526 13.526 13.526 13.526 13.526 13.526 13.526 13.526 13.526 13.526 13.526 -9999 -9999 -9999
-9999 13.526 13.526 13.632 13.632 13.632 13.632 13.632 13.632 13.632 13.632 13.632 13.632 13.632 -9999 -9999 -9999
13.526 13.632 13.632 13.737 13.737 13.737 13.737 13.737 13.737 13.737 13.737 13.737 13.737 13.737 -9999 -9999 -9999
-9999 13.737 13.737 13.841 13.841 13.841 13.841 13.841 13.841 13.841 13.841 13.841 13.841 13.841 -9999 -9999 -9999
-9999 -9999 13.841 13.944 13.944 13.944 13.944 13.944 13.944 13.944 13.944 13.944 13.944 13.944 -9999 -9999 -9999
-9999 -9999 13.944 14.046 14.046 14.046 14.046 14.046 14.046 14.046 14.046 14.046 14.046 -9999 -9999 -9999 -9999
-9999 -9999 -9999 15.381 15.381 15.381 15.575 15.575 15.575 15.575 15.575 15.575 15.575 -9999 -9999 -9999 -9999
-9999 -9999 -9999 22.907 22.907 22.907 22.907 22.907 22.907 22.907 22.907 22.907 22.907 -9999 -9999 -9999 -9999
-9999 -9999 -9999 23.402 23.402 23.402 23.402 23.402 23.402 23.402 23.402 23.402 23.402 -9999 -9999 -9999 -9999
-9999 -9999 -9999 23.893 23.893 23.893 23.893 23.893 23.893 23.893 23.893 23.893 23.893 -9999 -9999 -9999 -9999
-9999 -9999 -9999 24.378 24.378 24.378 24.378 24.378 24.378 24.378 24.378 24.378 24.378 -9999 -9999 -9999 -9999
-9999 -9999 -9999 24.858 24.858 24.858 24.858 24.858 24.858 24.858 24.858 24.858 24.858 -9999 -9999 -9999 -9999
-9999 -9999 -9999 -9999 25.334 25.334 25.334 25.334 25.334 25.334 25.334 25.334 25.334 -9999 -9999 -9999 -9999
-9999 -9999 -9999 -9999 25.808 25.808 25.808 25.808 25.808 25.808 25.808 25.808 25.808 -9999 -9999 -9999 -9999
-9999 -9999 -9999 -9999 26.281 26.281 26.281 26.281 26.281 26.281 26.281 26.281 26.281 -9999 -9999 -9999 -9999
-9999 -9999 -9999 -9999 26.754 26.754 26.754 26.754 26.754 26.754 26.754 26.754 26.754 -9999 -9999 -9999 -9999
-9999 -9999 -9999 -9999 26.754 26.754 26.754 26.754 26.754 26.754 26.754 26.754 26.754 -9999 -9999 -9999 -9999
-9999 -9999 -9999 -9999 -9999 26.754 26.754 26.754 26.754 26.754 26.754 26.754 26.754 -9999 -9999 -9999 -9999
-9999 -9999 -9999 -9999 -9999 26.754 26.754 26.754 26.754 26.754 26.754 26.754 26.754 -9999 -9999 -9999 -9999
-9999 -9999 -9999 -9999 -9999 26.754 26.754 26.754 26.754 26.754 26.754 26.754 26.754 -9999 -9999 -9999 -9999
-9999 -9999 -9999 -9999 -9999 26.754 26.754 26.754 26.754 26.754 26.754 26.754 26.754 -9999 -9999 -9999 -9999
-9999 -9999 -9999 -9999 -9999 26.754 26.754 26.754 26.754 26.754 26.754 26.754 26.754 -9999 -9999 -9999 -9999
-9999 -9999 -9999 -9999 -9999 26.754 26.754 26.754 26.754 26.754 26.754 26.754 26.754 -9999 -9999 -9999 -9999
-9999 -9999 -9999 -9999 -9999 26.754 26.754 26.754 26.754 26.754 26.754 26.754 26.754 -9999 -9999 -9999 -9999
-9999 -9999 -9999 -9999 -9999 26.754 26.754 26.754 26.754 26.754 26.754 26.754 26.754 -9999 -9999 -9999 -9999
-9999 -9999 -9999 -9999 -9999 26.754 26.754 26.754 26.754 26.754 26.754 26.754 26.754 -9999 -9999 -9999 -9999
-9999 -9999 -9999 -9999 -9999 26.754 26.754 26.754 26.754 26.754 26.754 26.754 26.754 -9999 -9999 -9999 -9999
-9999 -9999 -9999 -9999 -9999 26.754 26.754 26.754 26.754 26.754 26.754 26.754 26.754 -9999 -9999 -9999 -9999
-9999 -9999 -9999 -9999 26.754 26.754 26.754 26.754 26.754 26.754 26.754 26.754 26.754 -9999 -9999 -9999 -9999
-9999 -9999 -9999 -9999 26.754 26.754 26.754 26.754 26.754 26.754 26.754 26.754 26.754 -9999 -9999 -9999 -9999
-9999 -9999 -9999 -9999 -9999 26.754 26.754 26.754 26.754 26.754 26.754 26.754 26.754 -9999 -9999 -9999 -9999
-9999 -9999 -9999 -9999 -9999 -9999 26.754 26.754 26.754 26.754 26.754 26.754 26.754 -9999 -9999 -9999 -9999
-9999 -9999 -9999 -9999 -9999 -9999 26.754 26.754 26.754 26.754 26.754 26.754 26.754 -9999 -9999 -9999 -9999
-9999 -9999 -9999 -9999 -9999 -9999 26.754 26.754 26.754 26.754 26.754 26.754 26.754 -9999 -9999 -9999 -9999
-9999 -9999 -9999 -9999 -9999 -9999 26.754 26.754 26.754 26.754 26.754 26.754 26.754 -9999 -9999 -9999 -9999
-9999 -9999 -9999 -9999 -9999 -9999 -9999 26.754 26.754 26.754 26.754 26.754 26.754 -9999 -9999 -9999 -9999
-9999 -9999 -9999 -9999 -9999 -9999 -9999 26.754 26.754 26.754 26.754 -9999 -9999 -9999 -9999 -9999 -9999
-9999 -9999 -9999 -9999 -9999 -9999 -9999 -9999 26.754 26.754 26.754 -9999 -9999 -9999 -9999 -9999 -9999
-9999 -9999 -9999 -9999 -9999 -9999 -9999 -9999 26.754 26.754 -9999 -9999 -9999 -9999 -9999 -9999 -9999
-9999 -9999 -9999 -9999 -9999 -9999 -9999 -9999 26.754 26.754 -9999 -9999 -9999 -9999 -9999 -9999 -9999
