ncols         11
nrows         48
xllcorner     11800.000000
yllcorner     0.000000
cellsize      200
NODATA_value  -9999
-9999 -9999 10.215 10.215 10.215 10.215 10.215 10.215 10.215 -9999 -9999
-9999 -9999 10.351 10.351 10.351 10.351 10.351 10.351 10.351 -9999 -9999
-9999 -9999 10.617 10.617 10.617 10.617 10.617 10.617 10.617 -9999 -9999
-9999 10.742 10.742 10.742 10.742 10.742 10.742 10.742 10.742 -9999 -9999
-9999 10.868 10.868 10.868 10.868 10.868 10.868 10.868 -9999 -9999 -9999
-9999 10.99 10.99 10.99 10.99 10.99 10.99 10.99 10.99 -9999 -9999
-9999 11.111 11.111 11.111 11.111 11.111 11.111 11.111 11.111 -9999 -9999
-9999 11.23 11.23 11.23 11.23 11.23 11.23 11.23 11.23 -9999 -9999
-9999 11.347 11.347 11.347 11.347 11.347 11.347 11.347 11.347 -9999 -9999
-9999 11.462 11.462 11.462 11.462 11.462 11.462 11.462 11.462 -9999 -9999
11.575 11.575 11.575 11.575 11.575 11.575 11.575 11.575 11.575 -9999 -9999
-9999 11.687 11.687 11.687 11.687 11.687 11.687 11.687 11.687 -9999 -9999
-9999 11.797 11.797 11.797 11.797 11.797 11.797 11.797 11.797 -9999 -9999
-9999 11.906 11.906 11.906 11.906 11.906 11.906 11.906 11.906 -9999 -9999
-9999 15.07 15.07 15.07 15.07 15.07 15.07 15.07 13.764 -9999 -9999
-9999 24.796 24.796 24.796 24.796 24.796 24.796 24.796 24.796 -9999 -9999
-9999 25.322 25.322 25.322 25.322 25.322 25.322 25.322 25.322 -9999 -9999
-9999 25.845 25.845 25.845 25.845 25.845 25.845 25.845 25.845 -9999 -9999
26.365 26.365 26.365 26.365 26.365 26.365 26.365 26.365 26.365 -9999 -9999
26.881 26.881 26.881 26.881 26.881 26.881 26.881 26.881 26.881 -9999 -9999
27.395 27.395 27.395 27.395 27.395 27.395 27.395 27.395 27.395 27.395 -9999
27.905 27.905 27.905 27.905 27.905 27.905 27.905 27.905 27.905 27.905 -9999
28.416 28.416 28.416 28.416 28.416 28.416 28.416 28.416 28.416 28.416 -9999
28.927 28.927 28.927 28.927 28.927 28.927 28.927 28.927 28.927 28.927 -9999
28.927 28.927 28.927 28.927 28.927 28.927 28.927 28.927 28.927 28.927 28.927
28.927 28.927 28.927 28.927 28.927 28.927 28.927 28.927 28.927 28.927 -9999
28.927 28.927 28.927 28.927 28.927 28.927 28.927 28.927 28.927 28.927 -9999
28.927 28.927 28.927 28.927 28.927 28.927 28.927 28.927 28.927 28.927 -9999
-9999 28.927 28.927 28.927 28.927 28.927 28.927 28.927 28.927 28.927 -9999
-9999 28.927 28.927 28.927 28.927 28.927 28.927 28.927 28.927 28.927 -9999
-9999 28.927 28.927 28.927 28.927 28.927 28.927 28.927 28.927 28.927 28.927
-9999 28.927 28.927 28.927 28.927 28.927 28.927 28.927 28.927 28.927 -9999
-9999 28.927 28.927 28.927 28.927 28.927 28.927 28.927 28.927 28.927 -9999
-9999 28.927 28.927 28.927 28.927 28.927 28.927 28.927 28.927 28.927 -9999
-9999 28.927 28.927 28.927 28.927 28.927 28.927 28.927 28.927 28.927 -9999
-9999 28.927 28.927 28.927 28.927 28.927 28.927 28.927 28.927 28.927 -9999
-9999 28.927 28.927 28.927 28.927 28.927 28.927 28.927 28.927 28.927 28.927
-9999 28.927 28.927 28.927 28.927 28.927 28.927 28.927 28.927 28.927 28.927
-9999 28.927 28.927 28.927 28.927 28.927 28.927 28.927 28.927 28.927 28.927
-9999 -9999 28.927 28.927 28.927 28.927 28.927 28.927 28.927 -9999 -9999
-9999 -9999 -9999 28.927 28.927 28.927 28.927 28.927 -9999 -9999 -9999
-9999 -9999 -9999 28.927 28.927 28.927 28.927 28.927 -9999 -9999 -9999
-9999 -9999 -9999 28.927 28.927 28.927 28.927 28.927 -9999 -9999 -9999
-9999 -9999 -9999 28.927 28.927 28.927 28.927 28.927 -9999 -9999 -9999
-9999 -9999 -9999 28.927 28.927 28.927 28.927 28.927 -9999 -9999 -9999
-9999 -9999 -9999 -9999 28.927 28.927 28.927 -9999 -9999 -9999 -9999
-9999 -9999 -9999 -9999 28.927 28.927 -9999 -9999 -9999 -9999 -9999
-9999 -9999 -9999 -9999 28.927 28.927 -9999 -9999 -9999 -9999 -9999
