ncols         6
nrows         48
xllcorner     9200.000000
yllcorner     0.000000
cellsize      200
NODATA_value  -9999
-9999 -9999 -9999 -9999 10.177 -9999
-9999 -9999 -9999 10.35 10.35 10.35
-9999 -9999 -9999 10.518 10.518 10.518
-9999 -9999 10.684 10.684 10.684 -9999
-9999 -9999 10.846 10.846 10.846 10.846
-9999 11.004 11.004 11.004 11.004 11.004
-9999 11.16 11.16 11.16 11.16 11.16
-9999 11.313 11.313 11.313 11.313 11.313
-9999 11.464 11.464 11.464 11.464 11.464
-9999 11.613 11.613 11.613 11.613 -9999
-9999 11.759 11.759 11.759 11.759 -9999
-9999 11.904 11.904 11.904 11.904 11.904
-9999 12.047 12.047 12.047 12.047 -9999
12.188 12.188 12.188 12.188 12.188 -9999
13.553 13.553 13.553 13.553 13.553 13.553
22.605 22.605 22.605 22.605 22.605 22.605
23.289 23.289 23.289 23.289 23.289 23.289
23.964 23.964 23.964 23.964 23.964 -9999
24.632 24.632 24.632 24.632 24.632 24.632
25.295 25.295 25.295 25.295 25.295 25.295
25.952 25.952 25.952 25.952 25.952 25.952
26.606 26.606 26.606 26.606 26.606 26.606
27.26 27.26 27.26 27.26 27.26 27.26
27.915 27.915 27.915 27.915 27.915 27.915
27.915 27.915 27.915 27.915 27.915 27.915
27.915 27.915 27.915 27.915 27.915 27.915
27.915 27.915 27.915 27.915 27.915 27.915
27.915 27.915 27.915 27.915 27.915 27.915
27.915 27.915 27.915 27.915 27.915 27.915
27.915 27.915 27.915 27.915 27.915 27.915
27.915 27.915 27.915 27.915 27.915 -9999
27.915 27.915 27.915 27.915 27.915 -9999
27.915 27.915 27.915 27.915 27.915 -9999
27.915 27.915 27.915 27.915 27.915 -9999
27.915 27.915 27.915 27.915 27.915 -9999
27.915 27.915 27.915 27.915 27.915 -9999
27.915 27.915 27.915 27.915 27.915 -9999
27.915 27.915 27.915 27.915 27.915 -9999
27.915 27.915 27.915 27.915 27.915 -9999
27.915 27.915 27.915 27.915 27.915 27.915
27.915 27.915 27.915 27.915 27.915 27.915
27.915 27.915 27.915 27.915 27.915 27.915
27.915 27.915 27.915 27.915 27.915 -9999
27.915 27.915 27.915 27.915 27.915 -9999
27.915 27.915 27.915 27.915 -9999 -9999
-9999 27.915 27.915 27.915 -9999 -9999
-9999 27.915 27.915 -9999 -9999 -9999
-9999 27.915 27.915 -9999 -9999 -9999
