ncols         6
nrows         28
xllcorner     6600.000000
yllcorner     0.000000
cellsize      200
NODATA_value  -9999
0 0 0 0 0 0
0 0 0 0 0 0
0 0 0 0 0 0
0 0 0 0 0 0
0 0 0 0 0 0
0 0 0 0 0 0
0 0 0 0 0 0
0 0 0 0 0 0
0 0 0 0 0 0
0 0 0 2.3336 0 0
0 0 0 2.149 0 0
0 0 0 1.9784 0 0
0 0 0 1.8191 0 0
0 0 0 1.669 0 0
0 0 0 1.5267 0 0
0 0 0 1.3906 0 0
0 0 0 1.2581 0 0
0 0 0 1.1279 0 0
0 0 0 1.0004 0 0
0 0 0 0.87674 0 0
0 0 0 0.75758 0 0
0 0 0 0.64208 0 0
0 0 0 0.52954 0 0
0 0 0 0.41976 0 0
0 0 0 0.31252 0 0
0 0 0 0.20739 0 0
0 0 0 0.10342 0 0
0 0 0 0 0 0
