ncols         6
nrows         28
xllcorner     6600.000000
yllcorner     0.000000
cellsize      200
NODATA_value  -9999
-9999 -9999 -9999 2.1977 -9999 -9999
-9999 -9999 -9999 2.5505 -9999 -9999
-9999 -9999 2.8712 2.8712 -9999 -9999
-9999 -9999 3.1744 3.1744 -9999 -9999
-9999 3.4587 3.4587 3.4587 -9999 -9999
-9999 -9999 3.727 3.727 3.727 -9999
-9999 -9999 3.9783 3.9783 3.9783 -9999
-9999 -9999 4.2156 4.2156 4.2156 -9999
-9999 4.4412 4.4412 4.4412 4.4412 -9999
4.3778 4.3778 4.3778 4.3778 4.3778 -9999
4.5845 4.5845 4.5845 4.5845 4.5845 -9999
4.7833 4.7833 4.7833 4.7833 4.7833 -9999
4.9758 4.9758 4.9758 4.9758 4.9758 -9999
5.1637 5.1637 5.1637 5.1637 5.1637 -9999
8.4478 8.4478 8.4478 8.4478 8.4478 -9999
-9999 16.944 16.944 16.944 16.944 -9999
-9999 -9999 17.864 17.864 -9999 -9999
-9999 -9999 18.779 18.779 -9999 -9999
-9999 -9999 19.7 19.7 19.7 -9999
-9999 20.626 20.626 20.626 20.626 20.626
-9999 21.559 21.559 21.559 21.559 21.559
-9999 -9999 22.501 22.501 22.501 22.501
-9999 -9999 23.459 23.459 23.459 23.459
-9999 -9999 24.441 24.441 24.441 24.441
-9999 -9999 23.804 23.804 23.804 23.804
-9999 -9999 21.779 21.779 21.779 -9999
-9999 -9999 -9999 20.978 20.978 -9999
-9999 -9999 -9999 20.19 20.19 -9999
