ncols         17
nrows         48
xllcorner     6600.000000
yllcorner     0.000000
cellsize      200
NODATA_value  -9999
0 0 0 0 0 0 0 0 0 0 0 0 0 0 0 0 0
0 0 0 0 0 0 0 0 0 0 0 0 0 0 0 0 0
0 0 0 0 3.7634 3.5705 3.3907 3.2214 3.0592 0 0 0 0 0 0 0 0
0 0 0 0 0 0 0 0 0 2.8608 0 0 0 0 0 0 0
0 0 0 0 0 0 0 0 0 2.7444 0 0 0 0 0 0 0
0 0 0 0 0 0 0 0 0 2.6342 0 0 0 0 0 0 0
0 0 0 0 0 0 0 0 0 2.5276 0 0 0 0 0 0 0
0 0 0 0 0 0 0 0 0 2.4249 0 0 0 0 0 0 0
0 0 0 0 0 0 0 0 0 2.3263 0 0 0 0 0 0 0
0 0 0 0 0 0 0 0 0 2.2305 0 0 0 0 0 0 0
0 0 0 0 0 0 2.5448 0 0 2.1366 0 0 0 0 0 0 0
0 0 0 0 0 0 0 2.2743 2.1136 2.0451 0 0 0 0 0 0 0
0 0 0 0 0 0 0 0 0 1.963 0 0 0 0 0 0 0
0 0 0 0 0 0 0 0 0 1.8896 0 0 0 0 0 0 0
0 0 0 0 0 0 0 0 0 1.818 0 0 0 0 0 0 0
0 0 0 0 0 0 0 0 0 1.7481 0 0 0 0 0 0 0
0 0 0 0 0 0 0 0 0 1.6799 0 0 0 0 0 0 0
0 0 0 0 0 0 0 0 0 1.6132 0 0 0 0 0 0 0
0 0 0 0 0 0 0 0 0 1.548 0 0 0 0 0 0 0
0 0 0 0 0 0 0 0 0 1.4841 0 0 0 0 0 0 0
0 0 0 0 0 0 0 0 0 1.4214 0 0 0 0 0 0 0
0 0 0 0 0 0 0 0 0 1.3598 0 0 0 0 0 0 0
0 0 0 0 0 0 0 0 0 1.2988 0 0 0 0 0 0 0
0 0 0 0 0 0 0 0 0 1.239 0 0 0 0 0 0 0
0 0 0 0 0 0 0 0 0 1.1803 0 0 0 0 0 0 0
0 0 0 0 0 0 0 0 0 1.1225 0 0 0 0 0 0 0
0 0 0 0 0 0 0 0 0 1.0654 0 0 0 0 0 0 0
0 0 0 0 0 0 0 0 0 1.0091 0 0 0 0 0 0 0
0 0 0 0 0 0 0 0 0 0.95343 0 0 0 0 0 0 0
0 0 0 0 0 0 0 0 0 0.89846 0 0 0 0 0 0 0
0 0 0 0 0 0 0 0 0 0.84415 0 0 0 0 0 0 0
0 0 0 0 0 0 0 0 0 0.79046 0 0 0 0 0 0 0
0 0 0 0 0 0 0 0 0 0.73739 0 0 0 0 0 0 0
0 0 0 0 0 0 0 0 0 0.6849 0 0 0 0 0 0 0
0 0 0 0 0 0 0 0 0 0.63298 0 0 0 0 0 0 0
0 0 0 0 0 0 0 0 0 0.58161 0 0 0 0 0 0 0
0 0 0 0 0 0 0 0 0 0.53068 0 0 0 0 0 0 0
0 0 0 0 0 0 0 0 0 0.48048 0 0 0 0 0 0 0
0 0 0 0 0 0 0 0 0 0.43094 0 0 0 0 0 0 0
0 0 0 0 0 0 0 0 0 0.3817 0 0 0 0 0 0 0
0 0 0 0 0 0 0 0 0 0.33288 0 0 0 0 0 0 0
0 0 0 0 0 0 0 0 0 0.28445 0 0 0 0 0 0 0
0 0 0 0 0 0 0 0 0 0.23642 0 0 0 0 0 0 0
0 0 0 0 0 0 0 0 0 0.18875 0 0 0 0 0 0 0
0 0 0 0 0 0 0 0 0 0.14134 0 0 0 0 0 0 0
0 0 0 0 0 0 0 0 0 0.094125 0 0 0 0 0 0 0
0 0 0 0 0 0 0 0 0 0.04701 0 0 0 0 0 0 0
0 0 0 0 0 0 0 0 0 0 0 0 0 0 0 0 0
