ncols         17
nrows         48
xllcorner     3800.000000
yllcorner     0.000000
cellsize      200
NODATA_value  -9999
0 0 0 0 0 0 0 0 0 0 0 0 0 0 0 0 0
0 0 0 0 0 0 0 0 0 0 0 0 0 0 0 0 0
0 0 0 0 0 0 0 0 0 0 0 0 0 0 0 0 0
0 0 0 0 0 0 0 0 0 0 0 0 0 0 0 0 0
0 0 0 0 0 3.0586 0 0 0 0 0 0 0 0 0 0 0
0 0 0 0 0 2.8767 0 0 0 0 3.1967 0 0 0 0 0 0
0 0 0 0 2.7952 2.7098 0 0 0 0 3.0177 0 0 0 0 0 0
0 0 0 0 0 2.5681 0 0 0 0 2.8657 0 0 0 0 0 0
0 0 0 0 0 2.4501 0 0 0 0 2.7241 0 0 0 0 0 0
0 0 0 0 0 2.3372 0 0 0 0 2.5903 0 0 0 0 0 0
0 0 0 0 0 2.2295 0 0 0 0 2.4627 0 0 0 0 0 0
0 0 0 0 0 2.1274 0 0 0 0 2.3405 0 0 0 0 0 0
0 0 0 0 0 2.0286 0 0 0 0 2.2237 0 0 0 0 0 0
0 0 0 0 0 1.9333 0 0 0 0 2.1122 0 0 0 0 0 0
0 0 0 0 0 1.842 0 0 0 0 2.0055 0 0 0 0 0 0
0 0 0 0 0 1.7534 0 0 0 0 1.9036 0 0 0 0 0 0
0 0 0 0 0 1.6672 0 0 0 0 1.8062 0 0 0 0 0 0
0 0 0 0 0 1.5831 0 0 0 0 1.7125 0 0 0 0 0 0
0 0 0 0 0 1.501 0 0 0 0 1.6219 0 0 0 0 0 0
0 0 0 0 0 1.4207 0 0 0 0 1.5332 0 0 0 0 0 0
0 0 0 0 0 1.3419 0 0 0 1.4135 0 0 0 0 0 0 0
0 0 0 0 0 1.2644 0 0 1.3006 0 0 0 0 0 0 0 0
0 0 0 0 0 1.1879 0 1.1895 0 0 0 0 0 0 0 0 0
0 0 0 0 0 0 1.0957 0 0 0 0 0 0 0 0 0 0
0 0 0 0 0 0 1.0422 0 0 0 0 0 0 0 0 0 0
0 0 0 0 0 0 0.98991 0 0 0 0 0 0 0 0 0 0
0 0 0 0 0 0 0.93897 1.0522 1.2304 1.4147 1.6092 0 0 0 0 0 0
0 0 0 0 0 0 0.88937 0 0 0 0 0 0 0 0 0 0
0 0 0 0 0 0 0.8401 0 0 0 0 0 0 0 0 0 0
0 0 0 0 0 0 0.79139 0 0 0 0 0 0 0 0 0 0
0 0 0 0 0 0 0.74336 0 0 0 0 0 0 0 0 0 0
0 0 0 0 0 0 0.69593 0 0 0 0 0 0 0 0 0 0
0 0 0 0 0 0 0.64907 0 0 0 0 0 0 0 0 0 0
0 0 0 0 0 0 0.60277 0 0 0 0 0 0 0 0 0 0
0 0 0 0 0 0 0.557 0 0 0 0 0 0 0 0 0 0
0 0 0 0 0 0 0.51169 0 0 0 0 0 0 0 0 0 0
0 0 0 0 0 0 0.46667 0 0 0 0 0 0 0 0 0 0
0 0 0 0 0 0 0.4226 0.53126 0.70669 0.88792 1.0788 0 0 0 0 0 0
0 0 0 0 0 0 0.37943 0 0 0 0 0 0 0 0 0 0
0 0 0 0 0 0 0.33646 0 0 0 0 0 0 0 0 0 0
0 0 0 0 0 0 0.29376 0 0 0 0 0 0 0 0 0 0
0 0 0 0 0 0 0.25129 0 0 0 0 0 0 0 0 0 0
0 0 0 0 0 0 0.20901 0 0 0 0 0 0 0 0 0 0
0 0 0 0 0 0 0.16692 0 0 0 0 0 0 0 0 0 0
0 0 0 0 0 0 0.12502 0 0 0 0 0 0 0 0 0 0
0 0 0 0 0 0 0.083262 0 0 0 0 0 0 0 0 0 0
0 0 0 0 0 0 0.041577 0 0 0 0 0 0 0 0 0 0
0 0 0 0 0 0 0 0 0 0 0 0 0 0 0 0 0
