ncols         11
nrows         48
xllcorner     11800.000000
yllcorner     0.000000
cellsize      200
NODATA_value  -9999
0 0 0 0 0 0 0 0 0 0 0
0 0 0 0 0 0 0 0 0 0 0
0 0 0 0 0 0 0 0 0 0 0
0 0 0 0 0 3.5654 0 0 0 0 0
0 0 0 0 0 3.3855 0 0 0 0 0
0 0 0 0 0 3.2231 0 0 0 0 0
0 0 0 0 0 3.0784 0 0 0 0 0
0 0 0 0 0 2.9445 0 0 0 0 0
0 0 0 0 0 2.8184 0 0 0 0 0
0 0 0 0 0 2.6975 0 0 0 0 0
0 0 0 0 0 2.5849 0 0 0 0 0
0 0 0 0 0 2.4797 0 0 0 0 0
0 0 0 0 0 2.3781 0 0 0 0 0
0 0 0 0 0 2.2805 0 0 0 0 0
0 0 0 0 0 2.1864 0 0 0 0 0
0 0 0 0 0 2.0954 0 0 0 0 0
0 0 0 0 0 2.0073 0 0 0 0 0
0 0 0 0 0 1.9217 0 0 0 0 0
0 0 0 0 0 1.8379 0 0 0 0 0
0 0 0 0 0 1.7555 0 0 0 0 0
0 0 0 0 1.6428 0 0 0 0 0 0
0 0 0 0 1.5667 0 0 0 0 0 0
0 0 0 0 1.493 0 0 0 0 0 0
0 0 0 0 1.4209 0 0 0 0 0 0
0 0 0 0 1.35 0 0 0 0 0 0
0 0 0 0 1.2799 0 0 0 0 0 0
0 0 0 0 0 1.1835 0 0 0 0 0
0 0 0 0 0 1.118 0 0 0 0 0
0 0 0 0 0 1.054 0 0 0 0 0
0 0 0 0 0 0.99119 0 0 0 0 0
0 0 0 0 0 0.92952 0 0 0 0 0
0 0 0 0 0 0.86893 0 0 0 0 0
0 0 0 0 0 0.80933 0 0 0 0 0
0 0 0 0 0 0.75065 0 0 0 0 0
0 0 0 0 0 0.69286 0 0 0 0 0
0 0 0 0 0 0.63592 0 0 0 0 0
0 0 0 0 0 0.57958 0 0 0 0 0
0 0 0 0 0 0.52446 0 0 0 0 0
0 0 0 0 0 0.4705 0 0 0 0 0
0 0 0 0 0 0.41686 0 0 0 0 0
0 0 0 0 0 0.36359 0 0 0 0 0
0 0 0 0 0 0.31071 0 0 0 0 0
0 0 0 0 0 0.25818 0 0 0 0 0
0 0 0 0 0 0.20602 0 0 0 0 0
0 0 0 0 0 0.1542 0 0 0 0 0
0 0 0 0 0 0.10267 0 0 0 0 0
0 0 0 0 0 0.051266 0 0 0 0 0
0 0 0 0 0 0 0 0 0 0 0
