ncols         6
nrows         28
xllcorner     6600.000000
yllcorner     0.000000
cellsize      200
NODATA_value  -9999
-32768 -32768 -32768 13.788 -32768 -32768
-32768 -32768 -32768 13.19 -32768 -32768
-32768 -32768 13.563 12.67 -32768 -32768
-32768 -32768 13.228 12.244 -32768 -32768
-32768 14.053 12.776 11.855 -32768 -32768
-32768 -32768 12.489 11.502 12.936 -32768
-32768 -32768 12.462 11.182 12.638 -32768
-32768 -32768 11.924 10.878 12.354 -32768
-32768 12.708 11.523 10.594 12.085 -32768
13.774 12.255 11.176 10.326 11.829 -32768
13.51 12.011 10.933 10.075 11.585 -32768
13.25 11.776 10.701 9.8372 11.352 -32768
12.981 11.544 10.479 9.6117 11.128 -32768
12.72 11.318 10.265 9.3962 10.908 -32768
12.444 11.087 10.055 9.1894 10.695 -32768
-32768 11.018 9.8943 8.9906 10.49 -32768
-32768 -32768 9.8952 8.7981 -32768 -32768
-32768 -32768 9.9367 8.6102 -32768 -32768
-32768 -32768 16.873 8.4249 16.806 -32768
-32768 24.442 14.1 7.4978 13.802 23.397
-32768 23.804 13.614 6.5785 12.949 22.589
-32768 -32768 14.916 5.6625 12.11 21.78
-32768 -32768 14.087 4.7416 11.274 20.979
-32768 -32768 13.256 3.8158 10.44 20.191
-32768 -32768 12.429 2.8829 9.62 19.358
-32768 -32768 11.599 1.9415 11.612 -32768
-32768 -32768 -32768 0.9834 9.8916 -32768
-32768 -32768 -32768 0.00097866 0.00061916 -32768
