ncols         11
nrows         48
xllcorner     0.000000
yllcorner     0.000000
cellsize      200
NODATA_value  -9999
-9999 -9999 10.849 10.849 10.849 10.849 10.849 10.849 -9999 -9999 -9999
-9999 -9999 10.986 10.986 10.986 10.986 10.986 10.986 -9999 -9999 -9999
-9999 -9999 11.12 11.12 11.12 11.12 11.12 11.12 -9999 -9999 -9999
-9999 -9999 11.252 11.252 11.252 11.252 11.252 11.252 11.252 -9999 -9999
-9999 -9999 11.382 11.382 11.382 11.382 11.382 11.382 11.382 -9999 -9999
-9999 -9999 11.509 11.509 11.509 11.509 11.509 11.509 -9999 -9999 -9999
-9999 -9999 11.635 11.635 11.635 11.635 11.635 11.635 -9999 -9999 -9999
-9999 -9999 11.759 11.759 11.759 11.759 11.759 11.759 11.759 -9999 -9999
-9999 -9999 11.882 11.882 11.882 11.882 11.882 11.882 11.882 11.759 -9999
-9999 -9999 12.003 12.003 12.003 12.003 12.003 12.003 12.003 11.882 -9999
-9999 -9999 12.122 12.122 12.122 12.122 12.122 12.122 12.122 12.003 -9999
-9999 -9999 12.24 12.24 12.24 12.24 12.24 12.24 12.24 12.122 -9999
-9999 -9999 12.356 12.356 12.356 12.356 12.356 12.356 12.356 12.24 -9999
-9999 -9999 12.472 12.472 12.472 12.472 12.472 12.472 12.472 12.356 -9999
-9999 -9999 15.436 17.904 17.904 17.904 17.904 17.904 17.904 -9999 -9999
-9999 -9999 21.656 29.277 29.277 29.277 29.277 29.277 -9999 -9999 -9999
-9999 -9999 29.833 29.833 29.833 29.833 29.833 29.833 -9999 -9999 -9999
-9999 -9999 30.386 30.386 30.386 30.386 30.386 30.386 -9999 -9999 -9999
-9999 -9999 30.936 30.936 30.936 30.936 30.936 30.936 30.936 -9999 -9999
-9999 -9999 31.482 31.482 31.482 31.482 31.482 31.482 31.482 30.936 -9999
-9999 -9999 32.025 32.025 32.025 32.025 32.025 32.025 32.025 31.482 31.482
-9999 -9999 32.564 32.564 32.564 32.564 32.564 32.564 32.564 32.025 32.025
-9999 -9999 33.64 33.64 33.64 33.64 33.64 33.102 33.102 32.564 32.564
-9999 -9999 33.64 33.64 33.64 33.64 33.64 33.64 33.64 33.64 -9999
-9999 -9999 33.64 33.64 33.64 33.64 33.64 33.64 33.64 33.64 -9999
-9999 -9999 33.64 33.64 33.64 33.64 33.64 33.64 33.64 -9999 -9999
-9999 -9999 33.64 33.64 33.64 33.64 33.64 33.64 33.64 -9999 -9999
-9999 -9999 33.64 33.64 33.64 33.64 33.64 33.64 -9999 -9999 -9999
-9999 -9999 33.64 33.64 33.64 33.64 33.64 33.64 -9999 -9999 -9999
-9999 -9999 33.64 33.64 33.64 33.64 33.64 33.64 -9999 -9999 -9999
-9999 -9999 33.64 33.64 33.64 33.64 33.64 33.64 33.64 -9999 -9999
-9999 -9999 33.64 33.64 33.64 33.64 33.64 33.64 -9999 -9999 -9999
-9999 -9999 33.64 33.64 33.64 33.64 33.64 33.64 -9999 -9999 -9999
-9999 -9999 33.64 33.64 33.64 33.64 33.64 33.64 -9999 -9999 -9999
-9999 -9999 33.64 33.64 33.64 33.64 33.64 33.64 33.64 -9999 -9999
-9999 -9999 33.64 33.64 33.64 33.64 33.64 33.64 33.64 -9999 -9999
-9999 -9999 33.64 33.64 33.64 33.64 33.64 33.64 33.64 33.64 -9999
-9999 -9999 33.64 33.64 33.64 33.64 33.64 33.64 33.64 33.64 -9999
-9999 -9999 33.64 33.64 33.64 33.64 33.64 33.64 33.64 33.64 -9999
-9999 -9999 33.64 33.64 33.64 -9999 -9999 -9999 33.64 33.64 -9999
-9999 -9999 33.64 33.64 33.64 -9999 -9999 -9999 -9999 -9999 -9999
-9999 -9999 33.64 33.64 33.64 -9999 -9999 -9999 -9999 -9999 -9999
-9999 -9999 33.64 33.64 33.64 -9999 -9999 -9999 -9999 -9999 -9999
-9999 -9999 33.64 33.64 33.64 -9999 -9999 -9999 -9999 -9999 -9999
-9999 -9999 33.64 33.64 33.64 -9999 -9999 -9999 -9999 -9999 -9999
-9999 -9999 33.64 33.64 -9999 -9999 -9999 -9999 -9999 -9999 -9999
33.64 33.64 33.64 33.64 -9999 -9999 -9999 -9999 -9999 -9999 -9999
33.64 33.64 33.64 33.64 -9999 -9999 -9999 -9999 -9999 -9999 -9999
