ncols         6
nrows         28
xllcorner     6600.000000
yllcorner     0.000000
cellsize      200
NODATA_value  -9999
0 0 0 0 0 0
0 0 0 0 0 0
0 0 0 0 0 0
0 0 0 0 0 0
0 0 0 0 0 0
0 0 0 0 0 0
0 0 0 0 0 0
0 0 0 0 0 0
0 0 0 0 0 0
0 0 0 2.4362 0 0
0 0 0 2.2516 0 0
0 0 0 2.081 0 0
0 0 0 1.9217 0 0
0 0 0 1.7716 0 0
0 0 0 1.6293 0 0
0 0 0 1.4932 0 0
0 0 0 1.3607 0 0
0 0 0 1.2305 0 0
0 0 0 1.103 0 0
0 0 0 0.97934 0 0
0 0 0 0.86018 0 0
0 0 0 0.74468 0 0
0 0 0 0.63215 0 0
0 0 0 0.52236 0 0
0 0 0 0.41513 0 0
0 0 0 0.31 0 0
0 0 0 0.20602 0 0
0 0 0 0.1026 0 0
