ncols         13
nrows         48
xllcorner     17000.000000
yllcorner     0.000000
cellsize      200
NODATA_value  -9999
0 0 0 0 0 0 0 0 0 0 0 0 0
0 0 0 0 0 0 0 0 0 0 0 0 0
0 0 0 0 0 0 0 0 0 0 0 0 0
0 0 0 0 0 0 0 0 0 0 0 0 0
0 0 0 0 0 0 0 0 0 3.3384 0 0 0
0 0 0 0 0 0 3.292 0 0 3.1471 0 0 0
0 0 0 0 0 0 3.1239 0 0 2.9725 0 0 0
0 0 0 0 0 0 2.9665 0 0 2.8101 0 0 0
0 0 0 0 0 0 2.8181 0 0 2.6557 0 0 0
0 0 0 0 0 0 2.6772 0 0 2.5074 0 0 0
0 0 0 0 0 0 2.5423 0 0 2.3637 0 0 0
0 0 0 0 0 0 2.411 0 0 2.2237 0 0 0
0 0 0 0 0 0 0 2.2389 2.1264 2.0923 0 0 0
0 0 0 0 0 0 0 0 0 1.9892 0 0 0
0 0 0 0 0 0 0 0 0 1.9079 0 0 0
0 0 0 0 0 0 0 0 0 1.8285 0 0 0
0 0 0 0 0 0 0 0 0 1.7504 0 0 0
0 0 0 0 0 0 0 0 0 1.6737 0 0 0
0 0 0 0 0 0 0 0 0 1.5984 0 0 0
0 0 0 0 0 0 1.9914 1.8158 1.6456 1.5272 0 0 0
0 0 0 0 0 0 0 0 0 1.4598 0 0 0
0 0 0 0 0 0 0 0 0 1.3933 0 0 0
0 0 0 0 0 0 0 0 0 1.328 0 0 0
0 0 0 0 0 0 0 0 0 1.2641 0 0 0
0 0 0 0 0 0 0 0 0 1.2013 0 0 0
0 0 0 0 0 0 0 0 0 1.1393 0 0 0
0 0 0 0 0 0 0 0 0 1.079 0 0 0
0 0 0 0 0 0 0 0 0 1.0203 0 0 0
0 0 0 0 0 0 0 0 0 0.96213 0 0 0
0 0 0 0 0 0 0 0 0 0.90459 0 0 0
0 0 0 0 0 0 0 0 0 0.84813 0 0 0
0 0 0 0 0 0 0 0 0 0.793 0 0 0
0 0 0 0 0 0 0 0 0 0.7386 0 0 0
0 0 0 0 0 0 0 0 0 0.68491 0 0 0
0 0 0 0 0 0 0 0 0 0.63202 0 0 0
0 0 0 0 0 0 0 0 0 0.57978 0 0 0
0 0 0 0 0 0 0 0 0 0.52794 0 0 0
0 0 0 0 0 1.1474 0.95295 0.76866 0.59047 0.47748 0 0 0
0 0 0 0 0 0 0 0 0 0.42836 0 0 0
0 0 0 0 0 0 0 0 0 0.37954 0 0 0
0 0 0 0 0 0 0 0 0 0.33111 0 0 0
0 0 0 0 0 0 0 0 0 0.28305 0 0 0
0 0 0 0 0 0 0 0 0 0.2353 0 0 0
0 0 0 0 0 0 0 0 0 0.18781 0 0 0
0 0 0 0 0 0 0 0 0 0.14059 0 0 0
0 0 0 0 0 0 0 0 0 0.093584 0 0 0
0 0 0 0 0 0 0 0 0 0.046677 0 0 0
0 0 0 0 0 0 0 0 0 0 0 0 0
