ncols         10
nrows         48
xllcorner     10200.000000
yllcorner     0.000000
cellsize      200
NODATA_value  -9999
0 0 0 0 0 0 0 0 0 0
0 0 0 0 0 0 0 0 0 0
0 0 0 0 0 0 0 0 0 0
0 0 0 0 0 0 0 0 0 0
0 0 0 0 3.2884 0 0 0 0 0
0 0 0 0 3.1417 0 0 0 0 0
0 0 0 0 3.009 0 0 0 0 0
0 0 0 0 2.8847 0 0 0 0 0
0 0 0 0 2.7676 0 0 0 0 0
0 0 0 0 2.6567 0 0 0 0 0
0 0 0 0 2.5512 0 0 0 0 0
0 0 0 0 2.4501 0 0 0 0 0
0 0 0 0 2.3529 0 0 0 0 0
0 0 0 0 2.2596 0 0 0 0 0
0 0 0 0 2.1698 0 0 0 0 0
0 0 0 0 2.0827 0 0 0 0 0
0 0 0 0 1.9982 0 0 0 0 0
0 0 0 0 1.9161 0 0 0 0 0
0 0 0 0 1.8361 0 0 0 0 0
0 0 0 0 1.7579 0 0 0 0 0
0 0 0 0 1.6813 0 0 0 0 0
0 0 0 0 1.6062 0 0 0 0 0
0 0 0 0 1.5326 0 0 0 0 0
0 0 0 0 1.4603 0 0 0 0 0
0 0 0 0 1.3894 0 0 0 0 0
0 0 0 0 1.3196 0 0 0 0 0
0 0 0 0 1.251 0 0 0 0 0
0 0 0 0 1.1835 0 0 0 0 0
0 0 0 0 1.1171 0 0 0 0 0
0 0 0 0 1.0519 0 0 0 0 0
0 0 0 0 0.98757 0 0 0 0 0
0 0 0 0 0.924 0 0 0 0 0
0 0 0 0.83551 0 0 0 0 0 0
0 0 0 0.77441 0 0 0 0 0 0
0 0 0 0.71459 0 0 0 0 0 0
0 0 0 0.65571 0 0 0 0 0 0
0 0 0 0.59754 0 0 0 0 0 0
0 0 0 0.54054 0 0 0 0 0 0
0 0 0 0.48459 0 0 0 0 0 0
0 0 0 0.42903 0 0 0 0 0 0
0 0 0 0.37398 0 0 0 0 0 0
0 0 0 0.31943 0 0 0 0 0 0
0 0 0 0.26535 0 0 0 0 0 0
0 0 0 0.21174 0 0 0 0 0 0
0 0 0 0.15852 0 0 0 0 0 0
0 0 0 0.10556 0 0 0 0 0 0
0 0 0 0.052741 0 0 0 0 0 0
0 0 0 0 0 0 0 0 0 0
