ncols         6
nrows         28
xllcorner     6600.000000
yllcorner     0.000000
cellsize      200
NODATA_value  -9999
-9999 -9999 -9999 4.4412 -9999 -9999
-9999 -9999 -9999 4.6567 -9999 -9999
-9999 -9999 4.8634 4.8634 -9999 -9999
-9999 -9999 5.0622 5.0622 -9999 -9999
-9999 5.2547 5.2547 5.2547 -9999 -9999
-9999 -9999 5.4426 5.4426 5.4426 -9999
-9999 -9999 8.4478 8.4478 8.4478 -9999
-9999 -9999 16.944 16.944 16.944 -9999
-9999 17.864 17.864 17.864 17.864 -9999
18.779 18.779 18.779 18.779 18.779 -9999
19.7 19.7 19.7 19.7 19.7 -9999
20.626 20.626 20.626 20.626 20.626 -9999
21.559 21.559 21.559 21.559 21.559 -9999
22.501 22.501 22.501 22.501 22.501 -9999
23.459 23.459 23.459 23.459 23.459 -9999
-9999 24.441 24.441 24.441 24.441 -9999
-9999 -9999 24.441 24.441 -9999 -9999
-9999 -9999 24.441 24.441 -9999 -9999
-9999 -9999 24.441 24.441 24.441 -9999
-9999 24.441 24.441 24.441 24.441 24.441
-9999 24.441 24.441 24.441 24.441 24.441
-9999 -9999 24.441 24.441 24.441 24.441
-9999 -9999 24.441 24.441 24.441 24.441
-9999 -9999 24.441 24.441 24.441 24.441
-9999 -9999 24.441 24.441 24.441 24.441
-9999 -9999 24.441 24.441 24.441 -9999
-9999 -9999 -9999 24.441 24.441 -9999
-9999 -9999 -9999 24.441 24.441 -9999
