ncols         6
nrows         28
xllcorner     6600.000000
yllcorner     0.000000
cellsize      200
NODATA_value  -9999
-9999 -9999 -9999 21.559 -9999 -9999
-9999 -9999 -9999 22.501 -9999 -9999
-9999 -9999 23.459 23.459 -9999 -9999
-9999 -9999 24.441 24.441 -9999 -9999
-9999 24.441 24.441 24.441 -9999 -9999
-9999 -9999 24.441 24.441 24.441 -9999
-9999 -9999 24.441 24.441 24.441 -9999
-9999 -9999 24.441 24.441 24.441 -9999
-9999 24.441 24.441 24.441 24.441 -9999
24.441 24.441 24.441 24.441 24.441 -9999
24.441 24.441 24.441 24.441 24.441 -9999
24.441 24.441 24.441 24.441 24.441 -9999
24.441 24.441 24.441 24.441 24.441 -9999
24.441 24.441 24.441 24.441 24.441 -9999
24.441 24.441 24.441 24.441 24.441 -9999
-9999 24.441 24.441 24.441 24.441 -9999
-9999 -9999 24.441 24.441 -9999 -9999
-9999 -9999 24.441 24.441 -9999 -9999
-9999 -9999 24.441 24.441 24.441 -9999
-9999 24.441 24.441 24.441 24.441 24.441
-9999 24.441 24.441 24.441 24.441 24.441
-9999 -9999 24.441 24.441 24.441 24.441
-9999 -9999 24.441 24.441 24.441 24.441
-9999 -9999 24.441 24.441 24.441 24.441
-9999 -9999 24.441 24.441 24.441 24.441
-9999 -9999 24.441 24.441 24.441 -9999
-9999 -9999 -9999 24.441 24.441 -9999
-9999 -9999 -9999 24.441 24.441 -9999
