ncols         11
nrows         48
xllcorner     0.000000
yllcorner     0.000000
cellsize      200
NODATA_value  -9999
-9999 -9999 10.583 10.583 10.583 10.583 10.583 10.583 -9999 -9999 -9999
-9999 -9999 10.72 10.72 10.72 10.72 10.72 10.72 -9999 -9999 -9999
-9999 -9999 10.854 10.854 10.854 10.854 10.854 10.854 -9999 -9999 -9999
-9999 -9999 10.985 10.985 10.985 10.985 10.985 10.985 10.985 -9999 -9999
-9999 -9999 11.115 11.115 11.115 11.115 11.115 11.115 11.115 -9999 -9999
-9999 -9999 11.242 11.242 11.242 11.242 11.242 11.242 -9999 -9999 -9999
-9999 -9999 11.369 11.369 11.369 11.369 11.369 11.369 -9999 -9999 -9999
-9999 -9999 11.493 11.493 11.493 11.493 11.493 11.493 11.493 -9999 -9999
-9999 -9999 11.615 11.615 11.615 11.615 11.615 11.615 11.615 11.493 -9999
-9999 -9999 11.736 11.736 11.736 11.736 11.736 11.736 11.736 11.615 -9999
-9999 -9999 11.855 11.855 11.855 11.855 11.855 11.855 11.855 11.736 -9999
-9999 -9999 11.973 11.973 11.973 11.973 11.973 11.973 11.973 11.855 -9999
-9999 -9999 12.089 12.089 12.089 12.089 12.089 12.089 12.089 11.973 -9999
-9999 -9999 12.205 12.205 12.205 12.205 12.205 12.205 12.205 12.089 -9999
-9999 -9999 12.315 12.894 12.894 12.894 12.894 12.894 12.894 -9999 -9999
-9999 -9999 22.668 26.55 26.55 26.55 26.55 26.55 -9999 -9999 -9999
-9999 -9999 27.102 27.102 27.102 27.102 27.102 27.102 -9999 -9999 -9999
-9999 -9999 27.651 27.651 27.651 27.651 27.651 27.651 -9999 -9999 -9999
-9999 -9999 28.197 28.197 28.197 28.197 28.197 28.197 28.197 -9999 -9999
-9999 -9999 28.74 28.74 28.74 28.74 28.74 28.74 28.74 28.197 -9999
-9999 -9999 29.279 29.279 29.279 29.279 29.279 29.279 29.279 28.74 28.74
-9999 -9999 29.816 29.816 29.816 29.816 29.816 29.816 29.816 29.279 29.279
-9999 -9999 30.886 30.886 30.886 30.886 30.886 30.351 30.351 29.816 29.816
-9999 -9999 30.886 30.886 30.886 30.886 30.886 30.886 30.886 30.886 -9999
-9999 -9999 30.886 30.886 30.886 30.886 30.886 30.886 30.886 30.886 -9999
-9999 -9999 30.886 30.886 30.886 30.886 30.886 30.886 30.886 -9999 -9999
-9999 -9999 30.886 30.886 30.886 30.886 30.886 30.886 30.886 -9999 -9999
-9999 -9999 30.886 30.886 30.886 30.886 30.886 30.886 -9999 -9999 -9999
-9999 -9999 30.886 30.886 30.886 30.886 30.886 30.886 -9999 -9999 -9999
-9999 -9999 30.886 30.886 30.886 30.886 30.886 30.886 -9999 -9999 -9999
-9999 -9999 30.886 30.886 30.886 30.886 30.886 30.886 30.886 -9999 -9999
-9999 -9999 30.886 30.886 30.886 30.886 30.886 30.886 -9999 -9999 -9999
-9999 -9999 30.886 30.886 30.886 30.886 30.886 30.886 -9999 -9999 -9999
-9999 -9999 30.886 30.886 30.886 30.886 30.886 30.886 -9999 -9999 -9999
-9999 -9999 30.886 30.886 30.886 30.886 30.886 30.886 30.886 -9999 -9999
-9999 -9999 30.886 30.886 30.886 30.886 30.886 30.886 30.886 30.886 -9999
-9999 -9999 30.886 30.886 30.886 30.886 30.886 30.886 30.886 30.886 -9999
-9999 -9999 30.886 30.886 30.886 30.886 30.886 30.886 30.886 30.886 -9999
-9999 -9999 30.886 30.886 30.886 30.886 30.886 30.886 30.886 30.886 -9999
-9999 -9999 30.886 30.886 30.886 30.886 30.886 30.886 30.886 30.886 -9999
-9999 -9999 30.886 30.886 30.886 -9999 -9999 -9999 -9999 -9999 -9999
-9999 -9999 30.886 30.886 30.886 -9999 -9999 -9999 -9999 -9999 -9999
-9999 -9999 30.886 30.886 30.886 -9999 -9999 -9999 -9999 -9999 -9999
-9999 -9999 30.886 30.886 30.886 -9999 -9999 -9999 -9999 -9999 -9999
-9999 -9999 30.886 30.886 30.886 -9999 -9999 -9999 -9999 -9999 -9999
-9999 -9999 30.886 30.886 -9999 -9999 -9999 -9999 -9999 -9999 -9999
30.886 30.886 30.886 30.886 -9999 -9999 -9999 -9999 -9999 -9999 -9999
30.886 30.886 30.886 30.886 -9999 -9999 -9999 -9999 -9999 -9999 -9999
