ncols         12
nrows         48
xllcorner     17200.000000
yllcorner     0.000000
cellsize      200
NODATA_value  -9999
-9999 -9999 10.013 10.013 10.013 10.013 10.013 10.013 10.013 10.013 10.013 10.013
-9999 -9999 10.128 10.128 10.128 10.128 10.128 10.128 10.128 10.128 10.128 10.128
-9999 10.128 10.242 10.242 10.242 10.242 10.242 10.242 10.242 10.242 10.242 10.242
-9999 10.242 10.352 10.352 10.352 10.352 10.352 10.352 10.352 10.352 10.352 10.352
-9999 10.352 10.461 10.461 10.461 10.461 10.461 10.461 10.461 10.461 10.461 10.461
-9999 -9999 10.569 10.569 10.569 10.569 10.569 10.569 10.569 10.569 10.569 10.569
-9999 -9999 10.675 10.675 10.675 10.675 10.675 10.675 10.675 10.675 10.675 10.675
-9999 -9999 10.779 10.779 10.779 10.779 10.779 10.779 10.779 10.779 10.779 10.779
-9999 -9999 10.881 10.881 10.881 10.881 10.881 10.881 10.881 10.881 10.881 10.881
-9999 -9999 10.983 10.983 10.983 10.983 10.983 10.983 10.983 10.983 10.983 10.983
-9999 10.983 11.082 11.082 11.082 11.082 11.082 11.082 11.082 11.082 11.082 11.082
-9999 11.082 11.18 11.18 11.18 11.18 11.18 11.18 11.18 11.18 11.18 11.18
-9999 11.18 11.277 11.277 11.277 11.277 11.277 11.277 11.277 11.277 11.277 11.277
-9999 -9999 11.374 11.374 11.374 11.374 11.374 11.374 11.374 11.374 11.374 11.374
-9999 -9999 -9999 13.318 13.318 13.318 13.318 12.746 12.746 12.746 12.746 12.746
-9999 -9999 -9999 24.416 24.416 24.416 24.416 24.416 24.416 24.416 23.004 22.561
-9999 -9999 24.875 24.875 24.875 24.875 24.875 24.875 24.875 24.875 24.875 24.875
-9999 24.875 25.331 25.331 25.331 25.331 25.331 25.331 25.331 25.331 25.331 25.331
-9999 25.331 25.784 25.784 25.784 25.784 25.784 25.784 25.784 25.784 25.784 25.784
-9999 25.784 26.235 26.235 26.235 26.235 26.235 26.235 26.235 26.235 26.235 26.235
26.235 26.235 26.684 26.684 26.684 26.684 26.684 26.684 26.684 26.684 26.684 26.684
-9999 26.684 27.13 27.13 27.13 27.13 27.13 27.13 27.13 27.13 27.13 27.13
-9999 -9999 27.577 27.577 27.577 27.577 27.577 27.577 27.577 27.577 27.577 27.577
-9999 -9999 28.025 28.025 28.025 28.025 28.025 28.025 28.025 28.025 28.025 28.025
-9999 -9999 28.025 28.025 28.025 28.025 28.025 28.025 28.025 28.025 28.025 28.025
-9999 28.025 28.025 28.025 28.025 28.025 28.025 28.025 28.025 28.025 28.025 28.025
-9999 28.025 28.025 28.025 28.025 28.025 28.025 28.025 28.025 28.025 28.025 28.025
-9999 -9999 28.025 28.025 28.025 28.025 28.025 28.025 28.025 28.025 28.025 28.025
-9999 -9999 28.025 28.025 28.025 28.025 28.025 28.025 28.025 28.025 28.025 28.025
-9999 -9999 28.025 28.025 28.025 28.025 28.025 28.025 28.025 28.025 28.025 28.025
-9999 -9999 28.025 28.025 28.025 28.025 28.025 28.025 28.025 28.025 28.025 28.025
-9999 -9999 28.025 28.025 28.025 28.025 28.025 28.025 28.025 28.025 28.025 28.025
-9999 -9999 28.025 28.025 28.025 28.025 28.025 28.025 28.025 28.025 28.025 28.025
-9999 -9999 28.025 28.025 28.025 28.025 28.025 28.025 28.025 28.025 28.025 28.025
28.025 28.025 28.025 28.025 28.025 28.025 28.025 28.025 28.025 28.025 28.025 28.025
28.025 28.025 28.025 28.025 28.025 28.025 28.025 28.025 28.025 28.025 28.025 28.025
28.025 28.025 28.025 28.025 28.025 28.025 28.025 28.025 28.025 28.025 28.025 28.025
28.025 28.025 28.025 28.025 28.025 28.025 28.025 28.025 28.025 28.025 28.025 28.025
28.025 28.025 28.025 28.025 28.025 28.025 28.025 28.025 28.025 28.025 28.025 28.025
-9999 28.025 28.025 28.025 28.025 28.025 28.025 28.025 28.025 28.025 28.025 28.025
-9999 -9999 -9999 -9999 -9999 28.025 28.025 28.025 28.025 28.025 28.025 28.025
-9999 -9999 -9999 -9999 -9999 -9999 28.025 28.025 28.025 28.025 28.025 28.025
-9999 -9999 -9999 -9999 -9999 -9999 28.025 28.025 28.025 28.025 28.025 -9999
-9999 -9999 -9999 -9999 -9999 -9999 28.025 28.025 28.025 28.025 28.025 -9999
-9999 -9999 -9999 -9999 -9999 -9999 28.025 28.025 28.025 28.025 28.025 -9999
-9999 -9999 -9999 -9999 -9999 -9999 -9999 28.025 28.025 28.025 28.025 -9999
-9999 -9999 -9999 -9999 -9999 -9999 -9999 28.025 28.025 28.025 28.025 -9999
-9999 -9999 -9999 -9999 -9999 -9999 -9999 28.025 28.025 28.025 28.025 -9999
