ncols         11
nrows         48
xllcorner     0.000000
yllcorner     0.000000
cellsize      200
NODATA_value  -9999
0 0 0 0 0 0 0 0 0 0 0
0 0 0 0 0 0 0 0 0 0 0
0 0 0 0 0 0 0 0 0 0 0
0 0 0 0 0 0 0 0 0 0 0
0 0 0 0 0 0 0 0 0 0 0
0 0 0 0 0 3.8175 0 0 0 0 0
0 0 0 0 0 3.6282 0 0 0 0 0
0 0 0 0 0 3.4511 0 0 0 0 0
0 0 0 0 0 3.2832 0 0 0 0 0
0 0 0 0 0 3.1295 0 0 0 0 0
0 0 0 0 0 2.9894 0 0 0 0 0
0 0 0 0 0 2.8545 0 0 0 0 0
0 0 2.7685 0 0 2.7232 0 0 0 0 0
0 0 2.5704 0 2.5495 0 0 0 0 0 0
0 0 2.3795 2.3873 0 0 0 0 0 0 0
0 0 2.2383 0 0 0 0 0 0 0 0
0 0 2.144 0 0 0 0 0 0 0 0
0 0 2.0529 0 0 0 0 0 0 0 0
0 0 1.9636 0 0 0 0 0 0 0 0
0 0 1.8759 0 0 0 0 0 0 0 0
0 0 1.7895 0 0 0 0 0 0 0 0
0 0 1.704 0 0 0 0 0 0 0 0
0 0 1.6192 0 0 0 0 0 0 0 0
0 0 1.5348 1.6213 1.7825 1.952 0 0 0 0 0
0 0 1.4557 0 0 0 0 0 0 0 0
0 0 1.3822 0 0 0 0 0 0 0 0
0 0 1.3102 0 0 0 0 0 0 0 0
0 0 1.239 0 0 0 0 0 0 0 0
0 0 1.1691 0 0 0 0 0 0 0 0
0 0 1.1005 0 0 0 0 0 0 0 0
0 0 1.0327 0 0 0 0 0 0 0 0
0 0 0.9659 0 0 0 0 0 0 0 0
0 0 0.89996 0 0 0 0 0 0 0 0
0 0 0.83486 0 0 0 0 0 0 0 0
0 0 0.77064 0 0 0 0 0 0 0 0
0 0 0.70714 0 0 0 0 0 0 0 0
0 0 0.64402 0 0 0 0 0 0 0 0
0 0 0.58269 0.70701 0.89773 0 0 0 0 0 0
0 0 0.52314 0 0 0 0 0 0 0 0
0 0 0.46385 0 0 0 0 0 0 0 0
0 0 0.40488 0 0 0 0 0 0 0 0
0 0 0.3462 0 0 0 0 0 0 0 0
0 0 0.28783 0 0 0 0 0 0 0 0
0 0 0.22976 0 0 0 0 0 0 0 0
0 0 0.17197 0 0 0 0 0 0 0 0
0 0 0.11443 0 0 0 0 0 0 0 0
0 0 0.057029 0 0 0 0 0 0 0 0
0 0 0 0 0 0 0 0 0 0 0
