ncols         22
nrows         48
xllcorner     13400.000000
yllcorner     0.000000
cellsize      200
NODATA_value  -9999
0 0 0 0 0 0 0 0 0 0 0 0 0 0 0 0 0 0 0 0 0 0
0 0 0 0 0 0 0 0 0 0 0 0 0 0 0 0 0 0 0 0 0 0
0 0 0 0 0 0 0 0 0 0 2.7254 0 0 0 0 0 0 0 0 0 0 0
0 0 0 0 0 0 0 0 0 0 2.5675 0 0 0 0 0 0 0 0 0 0 0
0 0 0 0 0 0 0 2.8784 2.6875 2.5034 2.4223 0 0 0 0 0 3.2694 0 0 0 0 0
0 0 0 0 0 0 0 0 0 0 2.2967 0 0 0 0 0 3.0862 0 0 0 0 0
0 0 0 0 0 0 0 0 0 0 2.1899 0 0 0 0 0 2.9191 0 0 0 0 0
0 0 0 0 0 0 0 0 0 0 2.0878 0 0 0 0 0 2.7653 0 0 0 0 0
0 0 0 0 0 0 0 0 0 0 1.9881 0 0 0 0 0 2.6229 0 0 0 0 0
0 0 0 0 0 0 0 2.3289 0 0 1.8909 0 0 0 0 0 2.4891 0 0 0 0 0
0 0 0 0 0 0 0 2.1531 0 0 1.7966 0 0 0 0 0 2.362 0 0 0 0 0
0 0 0 0 0 0 0 1.9863 0 0 1.7041 0 0 0 0 0 2.2402 0 0 0 0 0
0 0 0 0 0 2.3169 2.1224 1.9366 1.7856 1.6665 1.613 0 0 0 0 0 2.1227 0 0 0 0 0
0 0 0 0 0 0 0 0 0 0 1.5321 0 0 0 0 0 2.008 0 0 0 0 0
0 0 0 0 0 0 0 0 0 0 1.4611 0 0 0 1.7568 1.8563 0 0 0 0 0 0
0 0 0 0 0 0 0 0 0 0 1.391 0 0 1.6203 0 0 0 0 0 0 0 0
0 0 0 0 0 0 0 0 0 0 1.3215 0 0 1.5269 0 0 0 0 0 0 0 0
0 0 0 0 0 2.0727 1.8834 1.7051 1.5347 1.3692 1.2552 0 0 1.4348 0 0 0 0 0 0 0 0
0 0 0 0 0 0 0 0 0 0 1.1918 1.2288 1.3115 0 0 0 0 0 0 0 0 0
0 0 0 0 0 0 0 0 0 0 1.1353 0 0 0 0 0 0 0 0 0 0 0
0 0 0 0 0 0 0 0 0 0 1.0856 0 0 0 0 0 0 0 0 0 0 0
0 0 0 0 0 0 0 0 0 0 1.0362 0 0 0 0 0 0 0 0 0 0 0
0 0 0 0 0 0 0 0 0 0 0.9872 0 0 0 0 0 0 0 0 0 0 0
0 0 0 0 0 0 0 0 1.2263 1.0473 0.93949 0 0 0 0 0 0 0 0 0 0 0
0 0 0 0 0 0 0 0 0 0 0.89294 0 0 0 0 0 0 0 0 0 0 0
0 0 0 0 0 0 0 0 0 0 0.84664 0 0 0 0 1.607 0 0 0 0 0 0
0 0 0 0 0 0 0 0 0 0 0.80054 0 0 0 0 1.4314 0 0 0 0 0 0
0 0 0 0 0 0 1.4019 1.2144 1.0361 0.86327 0.75664 0.83907 0.96263 1.0881 1.2173 0 0 0 0 0 0 0
0 0 0 0 0 0 0 0 0 0 0.71491 0 0 0 0 0 0 0 0 0 0 0
0 0 0 0 0 0 0 0 0 0 0.67336 0 0 0 0 0 0 0 0 0 0 0
0 0 0 0 0 0 0 0 0 0 0.63203 0 0 0 0 0 0 0 0 0 0 0
0 0 0 0 0 0 0 0 0 0 0.59154 0.69149 0.85266 1.0183 1.1926 1.3786 0 0 0 0 0 0
0 0 0 0 0 0 0 0 0 0 0.55181 0 0 0 0 0 0 0 0 0 0 0
0 0 0 0 0 0 0 0.99037 0.80286 0.62177 0.51265 0 0 0 0 0 0 0 0 0 0 0
0 0 0 0 0 0 0 0 0 0 0.47411 0 0 0 0 0 0 0 0 0 0 0
0 0 0 0 0 0 0 0 0 0 0.43579 0 0 0 0 0 0 0 0 0 0 0
0 0 0 0 0 0 0 0 0 0 0.39763 0 0 0 0 0 0 0 0 0 0 0
0 0 0 0 0 0 0 0 0 0 0.36026 0.4656 0.64103 0.82227 1.0151 0 0 0 0 0 0 0
0 0 0 0 0 0 0 0 0 0 0.32368 0 0 0 0 0 0 0 0 0 0 0
0 0 0 0 0 0 0 0 0 0 0.2872 0 0 0 0 0 0 0 0 0 0 0
0 0 0 0 0 0 0 0 0 0 0.25087 0 0 0 0 0 0 0 0 0 0 0
0 0 0 0 0 0 0 0 0 0 0.2147 0 0 0 0 0 0 0 0 0 0 0
0 0 0 0 0 0 0 0 0 0 0.17868 0 0 0 0 0 0 0 0 0 0 0
0 0 0 0 0 0 0 0 0 0 0.14277 0 0 0 0 0 0 0 0 0 0 0
0 0 0 0 0 0 0 0 0 0 0.10697 0 0 0 0 0 0 0 0 0 0 0
0 0 0 0 0 0 0 0 0 0 0.07127 0 0 0 0 0 0 0 0 0 0 0
0 0 0 0 0 0 0 0 0 0 0.035612 0 0 0 0 0 0 0 0 0 0 0
0 0 0 0 0 0 0 0 0 0 0 0 0 0 0 0 0 0 0 0 0 0
