ncols         6
nrows         9
xllcorner     13400.000000
yllcorner     0.000000
cellsize      200
NODATA_value  -9999
-32768 -32768 21.351 -32768 -32768 -32768
-32768 21.579 15.793 20.213 25.462 33.314
26.692 18.483 12.46 17.414 23.247 -32768
24.895 16.224 9.8511 16.219 24.909 -32768
23.203 14.173 7.5657 14.173 23.221 -32768
21.592 12.292 5.5084 12.292 21.591 -32768
-32768 13.258 3.6217 13.258 -32768 -32768
-32768 9.8874 1.8037 9.8877 -32768 -32768
-32768 0.00044013 0.00014215 0.00067279 -32768 -32768
