ncols         17
nrows         48
xllcorner     3800.000000
yllcorner     0.000000
cellsize      200
NODATA_value  -9999
0 0 0 0 0 0 0 0 0 0 0 0 0 0 0 0 0
0 0 0 0 0 0 0 0 0 0 0 0 0 0 0 0 0
0 0 0 0 0 0 0 0 0 0 0 0 0 0 0 0 0
0 0 0 0 0 0 0 0 0 0 0 0 0 0 0 0 0
0 0 0 0 0 3.0492 0 0 0 0 0 0 0 0 0 0 0
0 0 0 0 0 2.8673 0 0 0 0 3.1928 0 0 0 0 0 0
0 0 0 0 2.7858 2.7004 0 0 0 0 3.0137 0 0 0 0 0 0
0 0 0 0 0 2.5587 0 0 0 0 2.8617 0 0 0 0 0 0
0 0 0 0 0 2.4407 0 0 0 0 2.7201 0 0 0 0 0 0
0 0 0 0 0 2.3278 0 0 0 0 2.5863 0 0 0 0 0 0
0 0 0 0 0 2.2201 0 0 0 0 2.4587 0 0 0 0 0 0
0 0 0 0 0 2.118 0 0 0 0 2.3365 0 0 0 0 0 0
0 0 0 0 0 2.0192 0 0 0 0 2.2197 0 0 0 0 0 0
0 0 0 0 0 1.9239 0 0 0 0 2.1082 0 0 0 0 0 0
0 0 0 0 0 1.8326 0 0 0 0 2.0015 0 0 0 0 0 0
0 0 0 0 0 1.744 0 0 0 0 1.8996 0 0 0 0 0 0
0 0 0 0 0 1.6578 0 0 0 0 1.8022 0 0 0 0 0 0
0 0 0 0 0 1.5737 0 0 0 0 1.7085 0 0 0 0 0 0
0 0 0 0 0 1.4916 0 0 0 0 1.6179 0 0 0 0 0 0
0 0 0 0 0 1.4113 0 0 0 0 1.5292 0 0 0 0 0 0
0 0 0 0 0 1.3325 0 0 0 1.4086 0 0 0 0 0 0 0
0 0 0 0 0 1.255 0 0 1.2938 0 0 0 0 0 0 0 0
0 0 0 0 0 1.1785 0 1.181 0 0 0 0 0 0 0 0 0
0 0 0 0 0 0 1.086 0 0 0 0 0 0 0 0 0 0
0 0 0 0 0 0 1.0323 0 0 0 0 0 0 0 0 0 0
0 0 0 0 0 0 0.97991 0 0 0 0 0 0 0 0 0 0
0 0 0 0 0 0 0.92912 1.0339 1.1951 1.3607 1.5336 1.7148 0 0 0 0 0
0 0 0 0 0 0 0.87988 0 0 0 0 0 0 0 0 0 0
0 0 0 0 0 0 0.83094 0 0 0 0 0 0 0 0 0 0
0 0 0 0 0 0 0.78257 0 0 0 0 0 0 0 0 0 0
0 0 0 0 0 0 0.73495 0 0 0 0 0 0 0 0 0 0
0 0 0 0 0 0 0.68796 0 0 0 0 0 0 0 0 0 0
0 0 0 0 0 0 0.64158 0 0 0 0 0 0 0 0 0 0
0 0 0 0 0 0 0.59579 0 0 0 0 0 0 0 0 0 0
0 0 0 0 0 0 0.55055 0 0 0 0 0 0 0 0 0 0
0 0 0 0 0 0 0.50569 0 0 0 0 0 0 0 0 0 0
0 0 0 0 0 0 0.46108 0 0 0 0 0 0 0 0 0 0
0 0 0 0 0 0 0.41749 0.51994 0.68325 0.8512 1.0282 1.2195 0 0 0 0 0
0 0 0 0 0 0 0.37487 0 0 0 0 0 0 0 0 0 0
0 0 0 0 0 0 0.33242 0 0 0 0 0 0 0 0 0 0
0 0 0 0 0 0 0.29022 0 0 0 0 0 0 0 0 0 0
0 0 0 0 0 0 0.24826 0 0 0 0 0 0 0 0 0 0
0 0 0 0 0 0 0.2065 0 0 0 0 0 0 0 0 0 0
0 0 0 0 0 0 0.16492 0 0 0 0 0 0 0 0 0 0
0 0 0 0 0 0 0.12353 0 0 0 0 0 0 0 0 0 0
0 0 0 0 0 0 0.082269 0 0 0 0 0 0 0 0 0 0
0 0 0 0 0 0 0.041083 0 0 0 0 0 0 0 0 0 0
0 0 0 0 0 0 0 0 0 0 0 0 0 0 0 0 0
