ncols         12
nrows         48
xllcorner     9800.000000
yllcorner     0.000000
cellsize      200
NODATA_value  -9999
-9999 -9999 11.618 11.618 11.618 11.618 11.618 11.618 11.618 11.618 11.618 11.618
-9999 -9999 11.753 11.753 11.753 11.753 11.753 11.753 11.753 11.753 11.753 11.753
-9999 11.886 11.886 11.886 11.886 11.886 11.886 11.886 11.886 11.886 11.886 11.886
12.017 12.017 12.017 12.017 12.017 12.017 12.017 12.017 12.017 12.017 12.017 -9999
-9999 12.145 12.145 12.145 12.145 12.145 12.145 12.145 12.145 12.145 12.145 -9999
-9999 -9999 12.272 12.272 12.272 12.272 12.272 12.272 12.272 12.272 12.272 -9999
-9999 -9999 12.396 12.396 12.396 12.396 12.396 12.396 12.396 12.396 12.396 -9999
-9999 -9999 12.52 12.52 12.52 12.52 12.52 12.52 12.52 12.52 12.52 -9999
-9999 -9999 12.763 12.763 12.763 12.763 12.763 12.763 12.763 12.763 12.763 -9999
-9999 -9999 12.881 12.881 12.881 12.881 12.881 12.881 12.881 12.881 12.881 -9999
-9999 -9999 12.998 12.998 12.998 12.998 12.998 12.998 12.998 12.998 -9999 -9999
-9999 -9999 13.113 13.113 13.113 13.113 13.113 13.113 13.113 13.113 13.113 -9999
-9999 -9999 13.227 13.227 13.227 13.227 13.227 13.227 13.227 13.227 13.227 -9999
-9999 -9999 13.34 13.34 13.34 13.34 13.34 13.34 13.34 13.34 13.34 -9999
-9999 -9999 14.418 14.418 14.418 14.418 14.418 14.418 14.418 13.448 13.448 -9999
-9999 -9999 22.937 24.62 24.62 24.62 24.62 24.62 24.62 24.62 24.62 -9999
-9999 -9999 25.161 25.161 25.161 25.161 25.161 25.161 25.161 25.161 25.161 -9999
-9999 -9999 25.697 25.697 25.697 25.697 25.697 25.697 25.697 25.697 25.697 -9999
-9999 -9999 26.227 26.227 26.227 26.227 26.227 26.227 26.227 26.227 -9999 -9999
-9999 -9999 26.752 26.752 26.752 26.752 26.752 26.752 26.752 26.752 -9999 -9999
-9999 -9999 27.271 27.271 27.271 27.271 27.271 27.271 27.271 27.271 -9999 -9999
-9999 -9999 27.789 27.789 27.789 27.789 27.789 27.789 27.789 27.789 -9999 -9999
-9999 -9999 28.305 28.305 28.305 28.305 28.305 28.305 28.305 28.305 -9999 -9999
-9999 -9999 28.819 28.819 28.819 28.819 28.819 28.819 28.819 28.819 -9999 -9999
-9999 -9999 -9999 28.819 28.819 28.819 28.819 28.819 28.819 28.819 -9999 -9999
-9999 -9999 -9999 28.819 28.819 28.819 28.819 28.819 28.819 28.819 -9999 -9999
-9999 -9999 -9999 28.819 28.819 28.819 28.819 28.819 28.819 28.819 -9999 -9999
-9999 -9999 -9999 28.819 28.819 28.819 28.819 28.819 28.819 28.819 28.819 -9999
-9999 -9999 -9999 28.819 28.819 28.819 28.819 28.819 28.819 28.819 28.819 -9999
-9999 -9999 -9999 28.819 28.819 28.819 28.819 28.819 28.819 28.819 28.819 -9999
-9999 -9999 28.819 28.819 28.819 28.819 28.819 28.819 28.819 28.819 28.819 -9999
-9999 -9999 28.819 28.819 28.819 28.819 28.819 28.819 28.819 28.819 28.819 -9999
-9999 -9999 28.819 28.819 28.819 28.819 28.819 28.819 28.819 28.819 28.819 -9999
-9999 -9999 28.819 28.819 28.819 28.819 28.819 28.819 28.819 28.819 28.819 -9999
-9999 -9999 28.819 28.819 28.819 28.819 28.819 28.819 28.819 28.819 28.819 -9999
-9999 -9999 28.819 28.819 28.819 28.819 28.819 28.819 28.819 28.819 28.819 -9999
-9999 -9999 28.819 28.819 28.819 28.819 28.819 28.819 28.819 28.819 28.819 -9999
-9999 -9999 28.819 28.819 28.819 28.819 28.819 28.819 28.819 28.819 28.819 -9999
-9999 -9999 28.819 28.819 28.819 28.819 28.819 28.819 28.819 28.819 28.819 -9999
-9999 -9999 -9999 28.819 28.819 28.819 28.819 28.819 28.819 28.819 28.819 -9999
-9999 -9999 -9999 28.819 28.819 28.819 28.819 28.819 28.819 -9999 -9999 -9999
-9999 -9999 -9999 28.819 28.819 28.819 28.819 28.819 28.819 -9999 -9999 -9999
-9999 -9999 -9999 28.819 28.819 28.819 28.819 28.819 28.819 -9999 -9999 -9999
-9999 -9999 -9999 28.819 28.819 28.819 28.819 28.819 28.819 -9999 -9999 -9999
-9999 -9999 -9999 -9999 28.819 28.819 28.819 28.819 -9999 -9999 -9999 -9999
-9999 -9999 -9999 -9999 28.819 28.819 28.819 -9999 -9999 -9999 -9999 -9999
-9999 -9999 -9999 -9999 -9999 28.819 -9999 -9999 -9999 -9999 -9999 -9999
-9999 -9999 -9999 -9999 -9999 28.819 -9999 -9999 -9999 -9999 -9999 -9999
