ncols         11
nrows         48
xllcorner     11800.000000
yllcorner     0.000000
cellsize      200
NODATA_value  -9999
-9999 -9999 10.265 10.265 10.265 10.265 10.265 10.265 10.265 -9999 -9999
-9999 -9999 10.401 10.401 10.401 10.401 10.401 10.401 10.401 -9999 -9999
-9999 -9999 10.67 10.67 10.67 10.67 10.67 10.67 10.67 -9999 -9999
-9999 10.797 10.797 10.797 10.797 10.797 10.797 10.797 -9999 -9999 -9999
-9999 10.923 10.923 10.923 10.923 10.923 10.923 10.923 -9999 -9999 -9999
-9999 11.047 11.047 11.047 11.047 11.047 11.047 11.047 11.047 -9999 -9999
-9999 11.169 11.169 11.169 11.169 11.169 11.169 11.169 11.169 -9999 -9999
-9999 11.289 11.289 11.289 11.289 11.289 11.289 11.289 11.289 -9999 -9999
-9999 11.406 11.406 11.406 11.406 11.406 11.406 11.406 11.406 -9999 -9999
-9999 11.522 11.522 11.522 11.522 11.522 11.522 11.522 11.522 -9999 -9999
11.636 11.636 11.636 11.636 11.636 11.636 11.636 11.636 11.636 -9999 -9999
-9999 11.749 11.749 11.749 11.749 11.749 11.749 11.749 -9999 -9999 -9999
-9999 11.86 11.86 11.86 11.86 11.86 11.86 11.86 -9999 -9999 -9999
-9999 11.97 11.97 11.97 11.97 11.97 11.97 11.97 11.97 -9999 -9999
-9999 14.296 14.296 14.296 14.296 14.296 14.296 14.296 12.817 -9999 -9999
-9999 22.93 22.93 22.93 22.93 22.93 22.93 22.93 22.93 -9999 -9999
-9999 23.458 24.97 24.97 24.97 24.97 24.97 24.97 24.97 -9999 -9999
-9999 25.494 25.494 25.494 25.494 25.494 25.494 25.494 25.494 -9999 -9999
26.015 26.015 26.015 26.015 26.015 26.015 26.015 26.015 26.015 -9999 -9999
26.532 26.532 26.532 26.532 26.532 26.532 26.532 26.532 26.532 -9999 -9999
27.046 27.046 27.046 27.046 27.046 27.046 27.046 27.046 27.046 27.046 -9999
27.556 27.556 27.556 27.556 27.556 27.556 27.556 27.556 27.556 27.556 -9999
28.066 28.066 28.066 28.066 28.066 28.066 28.066 28.066 28.066 28.066 -9999
28.577 28.577 28.577 28.577 28.577 28.577 28.577 28.577 28.577 28.577 -9999
28.577 28.577 28.577 28.577 28.577 28.577 28.577 28.577 28.577 28.577 28.577
28.577 28.577 28.577 28.577 28.577 28.577 28.577 28.577 28.577 28.577 -9999
28.577 28.577 28.577 28.577 28.577 28.577 28.577 28.577 28.577 28.577 -9999
-9999 28.577 28.577 28.577 28.577 28.577 28.577 28.577 28.577 28.577 -9999
-9999 28.577 28.577 28.577 28.577 28.577 28.577 28.577 28.577 28.577 -9999
-9999 28.577 28.577 28.577 28.577 28.577 28.577 28.577 28.577 28.577 -9999
-9999 28.577 28.577 28.577 28.577 28.577 28.577 28.577 28.577 28.577 28.577
-9999 28.577 28.577 28.577 28.577 28.577 28.577 28.577 28.577 28.577 -9999
-9999 28.577 28.577 28.577 28.577 28.577 28.577 28.577 28.577 28.577 -9999
-9999 28.577 28.577 28.577 28.577 28.577 28.577 28.577 28.577 28.577 -9999
-9999 28.577 28.577 28.577 28.577 28.577 28.577 28.577 28.577 28.577 -9999
-9999 28.577 28.577 28.577 28.577 28.577 28.577 28.577 28.577 28.577 -9999
-9999 28.577 28.577 28.577 28.577 28.577 28.577 28.577 28.577 28.577 28.577
-9999 28.577 28.577 28.577 28.577 28.577 28.577 28.577 28.577 28.577 28.577
-9999 28.577 28.577 28.577 28.577 28.577 28.577 28.577 28.577 28.577 28.577
-9999 28.577 28.577 28.577 28.577 28.577 28.577 28.577 28.577 28.577 -9999
-9999 -9999 -9999 28.577 28.577 28.577 28.577 28.577 28.577 -9999 -9999
-9999 -9999 -9999 28.577 28.577 28.577 28.577 28.577 -9999 -9999 -9999
-9999 -9999 -9999 28.577 28.577 28.577 28.577 28.577 -9999 -9999 -9999
-9999 -9999 -9999 28.577 28.577 28.577 28.577 28.577 -9999 -9999 -9999
-9999 -9999 -9999 28.577 28.577 28.577 28.577 28.577 -9999 -9999 -9999
-9999 -9999 -9999 -9999 28.577 28.577 28.577 -9999 -9999 -9999 -9999
-9999 -9999 -9999 -9999 28.577 28.577 -9999 -9999 -9999 -9999 -9999
-9999 -9999 -9999 -9999 28.577 28.577 -9999 -9999 -9999 -9999 -9999
