ncols         18
nrows         48
xllcorner     6600.000000
yllcorner     0.000000
cellsize      200
NODATA_value  -9999
0 0 0 0 0 0 0 0 0 0 0 0 0 0 0 0 0 0
0 0 0 0 0 0 0 0 0 0 0 0 0 0 0 0 0 0
0 0 0 0 3.6181 3.4253 3.2454 3.0761 2.9139 2.8728 0 0 0 0 0 0 0 0
0 0 0 0 0 0 0 0 0 2.7185 0 0 0 0 0 0 0 0
0 0 0 0 0 0 0 0 0 2.6061 0 0 0 0 0 0 0 0
0 0 0 0 0 0 0 0 0 2.5 0 0 0 0 0 0 0 0
0 0 0 0 0 0 0 0 0 2.3974 0 0 0 0 0 0 0 0
0 0 0 0 0 0 0 0 0 2.299 0 0 0 0 0 0 0 0
0 0 0 0 0 0 0 0 0 2.2049 0 0 0 0 0 0 0 0
0 0 0 0 0 0 0 0 0 2.1132 0 0 0 0 0 0 0 0
0 0 0 0 0 0 2.4366 0 0 2.0232 0 0 0 0 0 0 0 0
0 0 0 0 0 0 0 2.166 2.0054 1.9354 0 0 0 0 0 0 0 0
0 0 0 0 0 0 0 0 0 1.8563 0 0 0 0 0 0 0 0
0 0 0 0 0 0 0 0 0 1.7851 0 0 0 0 0 0 0 0
0 0 0 0 0 0 0 0 0 1.7156 0 0 0 0 0 0 0 0
0 0 0 0 0 0 0 0 0 1.6479 0 0 0 0 0 0 0 0
0 0 0 0 0 0 0 0 0 1.5819 0 0 0 0 0 0 0 0
0 0 0 0 0 0 0 0 0 1.5174 0 0 0 0 0 0 0 0
0 0 0 0 0 0 0 0 0 1.4544 0 0 0 0 0 0 0 0
0 0 0 0 0 0 0 0 0 1.3926 0 0 0 0 0 0 0 0
0 0 0 0 0 0 0 0 0 1.3321 0 0 0 0 0 0 0 0
0 0 0 0 0 0 0 0 0 1.2729 0 0 0 0 0 0 0 0
0 0 0 0 0 0 0 0 0 1.2143 0 0 0 0 0 0 0 0
0 0 0 0 0 0 0 0 0 1.1573 0 0 0 0 0 0 0 0
0 0 0 0 0 0 0 0 0 1.102 0 0 0 0 0 0 0 0
0 0 0 0 0 0 0 0 0 1.0472 0 0 0 0 0 0 0 0
0 0 0 0 0 0 0 0 0 0.99319 0 0 0 0 0 0 0 0
0 0 0 0 0 0 0 0 0 0.93996 0 0 0 0 0 0 0 0
0 0 0 0 0 0 0 0 0 0.88747 0 0 0 0 0 0 0 0
0 0 0 0 0 0 0 0 0 0.83572 0 0 0 0 0 0 0 0
0 0 0 0 0 0 0 0 0 0.78466 0 0 0 0 0 0 0 0
0 0 0 0 0 0 0 0 0 0.73418 0 0 0 0 0 0 0 0
0 0 0 0 0 0 0 0 0 0.68424 0 0 0 0 0 0 0 0
0 0 0 0 0 0 0 0 0 0.63479 0 0 0 0 0 0 0 0
0 0 0 0 0 0 0 0 0 0.58582 0 0 0 0 0 0 0 0
0 0 0 0 0 0 0 0 0 0.53728 0 0 0 0 0 0 0 0
0 0 0 0 0 0 0 0 0 0.48906 0 0 0 0 0 0 0 0
0 0 0 0 1.1965 1.0222 0.85659 0.69739 0.54215 0.44227 0 0 0 0 0 0 0 0
0 0 0 0 0 0 0 0 0 0.39689 0 0 0 0 0 0 0 0
0 0 0 0 0 0 0 0 0 0.35174 0 0 0 0 0 0 0 0
0 0 0 0 0 0 0 0 0 0.3069 0 0 0 0 0 0 0 0
0 0 0 0 0 0 0 0 0 0.26238 0 0 0 0 0 0 0 0
0 0 0 0 0 0 0 0 0 0.21816 0 0 0 0 0 0 0 0
0 0 0 0 0 0 0 0 0 0.17422 0 0 0 0 0 0 0 0
0 0 0 0 0 0 0 0 0 0.1305 0 0 0 0 0 0 0 0
0 0 0 0 0 0 0 0 0 0.086916 0 0 0 0 0 0 0 0
0 0 0 0 0 0 0 0 0 0.043417 0 0 0 0 0 0 0 0
0 0 0 0 0 0 0 0 0 0 0 0 0 0 0 0 0 0
