ncols         14
nrows         48
xllcorner     1600.000000
yllcorner     0.000000
cellsize      200
NODATA_value  -9999
0 0 0 0 0 0 0 0 0 0 0 0 0 0
0 0 0 0 0 0 0 0 0 0 0 0 0 0
0 0 0 0 0 0 0 3.3349 0 0 0 0 0 0
0 0 0 0 0 0 0 3.1522 0 0 0 0 0 0
0 0 0 0 0 0 0 2.9962 0 0 0 0 0 0
0 0 0 0 0 0 0 2.8665 0 0 0 0 0 0
0 0 0 0 0 0 0 2.7414 0 0 0 0 0 0
0 0 0 0 0 0 0 2.6269 0 0 0 0 0 0
0 0 0 0 0 0 0 2.5236 0 0 0 0 0 0
0 0 0 0 0 0 0 2.4248 0 0 0 0 0 0
0 0 0 0 0 0 0 2.3304 0 0 0 0 0 0
0 0 0 0 0 0 0 2.2398 0 0 0 0 0 0
0 0 0 0 0 0 0 2.153 0 0 0 0 0 0
0 0 0 0 0 0 0 2.0699 0 0 0 0 0 0
0 0 0 0 0 0 0 1.9891 0 0 0 0 0 0
0 0 0 0 0 0 0 1.9095 0 0 0 0 0 0
0 0 0 0 0 2.2953 2.099 1.9083 1.7987 0 0 0 0 0
0 0 0 0 0 0 0 0 1.7247 0 0 0 0 0
0 0 0 0 0 0 0 0 1.6547 0 0 0 0 0
0 0 0 0 0 0 0 0 1.586 0 0 0 0 0
0 0 0 0 0 0 0 0 1.5188 0 0 0 0 0
0 0 0 0 0 0 0 0 1.4525 0 0 0 0 0
0 0 0 0 0 0 0 0 0 1.3599 0 0 0 0
0 0 0 0 0 0 0 0 0 1.2954 0 0 0 0
0 0 0 0 0 0 0 0 0 1.2318 0 0 0 0
0 0 0 0 0 0 0 0 0 0 1.1435 0 0 0
0 0 0 0 0 0 0 0 0 0 1.0825 0 0 0
0 0 0 0 0 0 0 0 0 0 1.0223 0 0 0
0 0 0 0 0 0 0 0 0 0 0.96271 0 0 0
0 0 0 0 0 0 1.3011 1.228 0 0 0.90374 0 0 0
0 0 0 0 0 0 0 1.0643 0 0 0.84526 0 0 0
0 0 0 0 0 0 0 0.93069 0 0 0.78724 0 0 0
0 0 0 0 0 1.2866 1.0921 0.90636 0.76208 0.70559 0 0 0 0
0 0 0 0 0 0 0 0 0 0.65177 0 0 0 0
0 0 0 0 0 0 0 0 0 0.60198 0 0 0 0
0 0 0 0 0 0 0 0 0 0.55269 0 0 0 0
0 0 0 0 0 0 0 0 0 0.50374 0 0 0 0
0 0 0 0 0 0 0 0 0.57932 0.4559 0 0 0 0
0 0 0 0 0 0 0 0 0 0.40915 0 0 0 0
0 0 0 0 0 0 0 0 0 0.36263 0 0 0 0
0 0 0 0 0 0 0 0 0 0.31642 0 0 0 0
0 0 0 0 0 0 0 0 0 0.27056 0 0 0 0
0 0 0 0 0 0 0 0 0 0.22499 0 0 0 0
0 0 0 0 0 0 0 0 0 0.17965 0 0 0 0
0 0 0 0 0 0 0 0 0 0.13455 0 0 0 0
0 0 0 0 0 0 0 0 0 0.089622 0 0 0 0
0 0 0 0 0 0 0 0 0 0.044789 0 0 0 0
0 0 0 0 0 0 0 0 0 0 0 0 0 0
