ncols         11
nrows         48
xllcorner     11800.000000
yllcorner     0.000000
cellsize      200
NODATA_value  -9999
0 0 0 0 0 0 0 0 0 0 0
0 0 0 0 0 0 0 0 0 0 0
0 0 0 0 0 0 0 0 0 0 0
0 0 0 0 0 3.5989 0 0 0 0 0
0 0 0 0 0 3.4146 0 0 0 0 0
0 0 0 0 0 3.2486 0 0 0 0 0
0 0 0 0 0 3.1023 0 0 0 0 0
0 0 0 0 0 2.9672 0 0 0 0 0
0 0 0 0 0 2.8401 0 0 0 0 0
0 0 0 0 0 2.7183 0 0 0 0 0
0 0 0 0 0 2.6049 0 0 0 0 0
0 0 0 0 0 2.4989 0 0 0 0 0
0 0 0 0 0 2.396 0 0 0 0 0
0 0 0 0 0 2.2969 0 0 0 0 0
0 0 0 0 0 2.2015 0 0 0 0 0
0 0 0 0 0 2.1094 0 0 0 0 0
0 0 0 0 0 2.0203 0 0 0 0 0
0 0 0 0 0 1.9337 0 0 0 0 0
0 0 0 0 0 1.8491 0 0 0 0 0
0 0 0 0 0 1.7657 0 0 0 0 0
0 0 0 0 1.652 0 0 0 0 0 0
0 0 0 0 1.5753 0 0 0 0 0 0
0 0 0 0 1.5009 0 0 0 0 0 0
0 0 0 0 1.4283 0 0 0 0 0 0
0 0 0 0 1.3568 0 0 0 0 0 0
0 0 0 0 1.2862 0 0 0 0 0 0
0 0 0 0 0 1.1891 0 0 0 0 0
0 0 0 0 0 1.1231 0 0 0 0 0
0 0 0 0 0 1.0586 0 0 0 0 0
0 0 0 0 0 0.99525 0 0 0 0 0
0 0 0 0 0 0.93311 0 0 0 0 0
0 0 0 0 0 0.87207 0 0 0 0 0
0 0 0 0 0 0.81204 0 0 0 0 0
0 0 0 0 0 0.75295 0 0 0 0 0
0 0 0 0 0 0.69477 0 0 0 0 0
0 0 0 0 0 0.63746 0 0 0 0 0
0 0 0 0 0 0.58076 0 0 0 0 0
0 0 0 0 0 0.52538 0 0 0 0 0
0 0 0 0 0 0.47126 0 0 0 0 0
0 0 0 0 0 0.41746 0 0 0 0 0
0 0 0 0 0 0.36409 0 0 0 0 0
0 0 0 0 0 0.31112 0 0 0 0 0
0 0 0 0 0 0.25853 0 0 0 0 0
0 0 0 0 0 0.20629 0 0 0 0 0
0 0 0 0 0 0.15441 0 0 0 0 0
0 0 0 0 0 0.1028 0 0 0 0 0
0 0 0 0 0 0.051333 0 0 0 0 0
0 0 0 0 0 0 0 0 0 0 0
