ncols         12
nrows         48
xllcorner     9800.000000
yllcorner     0.000000
cellsize      200
NODATA_value  -9999
0 0 0 0 0 0 0 0 0 0 0 0
0 0 0 0 0 0 0 0 0 0 0 0
0 0 0 0 0 0 0 0 0 0 0 0
0 0 0 0 0 0 3.2857 0 0 0 0 0
0 0 0 0 0 0 3.128 0 0 0 0 0
0 0 0 0 0 0 2.9947 0 0 0 0 0
0 0 0 0 0 0 2.8709 0 0 0 0 0
0 0 0 0 0 0 2.7549 0 0 0 0 0
0 0 0 0 0 0 2.6453 0 0 0 0 0
0 0 0 0 0 0 2.5412 0 0 0 0 0
0 0 0 0 0 0 2.4417 0 0 0 0 0
0 0 0 0 0 0 2.346 0 0 0 0 0
0 0 0 0 0 0 2.2541 0 0 0 0 0
0 0 0 0 0 0 2.1655 0 0 0 0 0
0 0 0 0 0 0 2.0799 0 0 0 0 0
0 0 0 0 0 0 1.997 0 0 0 0 0
0 0 0 0 0 0 1.9165 0 0 0 0 0
0 0 0 0 0 0 1.8384 0 0 0 0 0
0 0 0 0 0 0 1.7622 0 0 0 0 0
0 0 0 0 0 0 1.6877 0 0 0 0 0
0 0 0 0 0 0 1.6147 0 0 0 0 0
0 0 0 0 0 0 1.5433 0 0 0 0 0
0 0 0 0 0 0 1.4732 0 0 0 0 0
0 0 0 0 0 0 1.4044 0 0 0 0 0
0 0 0 0 0 0 1.3369 0 0 0 0 0
0 0 0 0 0 0 1.2705 0 0 0 0 0
0 0 0 0 0 0 1.205 0 0 0 0 0
0 0 0 0 0 0 1.1406 0 0 0 0 0
0 0 0 0 0 0 1.0772 0 0 0 0 0
0 0 0 0 0 0 1.0148 0 0 0 0 0
0 0 0 0 0 0 0.95328 0 0 0 0 0
0 0 0 0 0 0 0.89236 0 0 0 0 0
0 0 0 0 0 0.80746 0 0 0 0 0 0
0 0 0 0 0 0.74872 0 0 0 0 0 0
0 0 0 0 0 0.69113 0 0 0 0 0 0
0 0 0 0 0 0.63437 0 0 0 0 0 0
0 0 0 0 0 0.57825 0 0 0 0 0 0
0 0 0 0 0 0.52322 0 0 0 0 0 0
0 0 0 0 0 0.46919 0 0 0 0 0 0
0 0 0 0 0 0.4155 0 0 0 0 0 0
0 0 0 0 0 0.36228 0 0 0 0 0 0
0 0 0 0 0 0.3095 0 0 0 0 0 0
0 0 0 0 0 0.25715 0 0 0 0 0 0
0 0 0 0 0 0.20523 0 0 0 0 0 0
0 0 0 0 0 0.15366 0 0 0 0 0 0
0 0 0 0 0 0.10233 0 0 0 0 0 0
0 0 0 0 0 0.051131 0 0 0 0 0 0
0 0 0 0 0 0 0 0 0 0 0 0
