ncols         12
nrows         48
xllcorner     17200.000000
yllcorner     0.000000
cellsize      200
NODATA_value  -9999
0 0 0 0 0 0 0 0 0 0 0 0
0 0 0 0 0 0 0 0 0 0 0 0
0 0 0 0 0 0 0 0 0 0 0 0
0 0 0 0 0 0 0 0 0 0 0 0
0 0 0 0 0 0 0 0 3.3383 0 0 0
0 0 0 0 0 3.2919 0 0 3.147 0 0 0
0 0 0 0 0 3.1238 0 0 2.9724 0 0 0
0 0 0 0 0 2.9664 0 0 2.81 0 0 0
0 0 0 0 0 2.818 0 0 2.6556 0 0 0
0 0 0 0 0 2.6771 0 0 2.5072 0 0 0
0 0 0 0 0 2.5422 0 0 2.3636 0 0 0
0 0 0 0 0 2.4109 0 0 2.2236 0 0 0
0 0 0 0 0 0 2.2388 2.1263 2.0922 0 0 0
0 0 0 0 0 0 0 0 1.9891 0 0 0
0 0 0 0 0 0 0 0 1.9078 0 0 0
0 0 0 0 0 0 0 0 1.8284 0 0 0
0 0 0 0 0 0 0 0 1.7503 0 0 0
0 0 0 0 0 0 0 0 1.6736 0 0 0
0 0 0 0 0 0 0 0 1.5983 0 0 0
0 0 0 0 0 1.9913 1.8157 1.6454 1.5271 0 0 0
0 0 0 0 0 0 0 0 1.4597 0 0 0
0 0 0 0 0 0 0 0 1.3932 0 0 0
0 0 0 0 0 0 0 0 1.3279 0 0 0
0 0 0 0 0 0 0 0 1.264 0 0 0
0 0 0 0 0 0 0 0 1.2012 0 0 0
0 0 0 0 0 0 0 0 1.1392 0 0 0
0 0 0 0 0 0 0 0 1.0789 0 0 0
0 0 0 0 0 0 0 0 1.0201 0 0 0
0 0 0 0 0 0 0 0 0.96201 0 0 0
0 0 0 0 0 0 0 0 0.90447 0 0 0
0 0 0 0 0 0 0 0 0.84801 0 0 0
0 0 0 0 0 0 0 0 0.79288 0 0 0
0 0 0 0 0 0 0 0 0.73848 0 0 0
0 0 0 0 0 0 0 0 0.68479 0 0 0
0 0 0 0 0 0 0 0 0.63194 0 0 0
0 0 0 0 0 0 0 0 0.57974 0 0 0
0 0 0 0 0 0 0 0 0.52785 0 0 0
0 0 0 0 1.1385 0.94567 0.76443 0.589 0.47739 0 0 0
0 0 0 0 0 0 0 0 0.42833 0 0 0
0 0 0 0 0 0 0 0 0.37954 0 0 0
0 0 0 0 0 0 0 0 0.33111 0 0 0
0 0 0 0 0 0 0 0 0.28305 0 0 0
0 0 0 0 0 0 0 0 0.2353 0 0 0
0 0 0 0 0 0 0 0 0.18781 0 0 0
0 0 0 0 0 0 0 0 0.14059 0 0 0
0 0 0 0 0 0 0 0 0.093584 0 0 0
0 0 0 0 0 0 0 0 0.046677 0 0 0
0 0 0 0 0 0 0 0 0 0 0 0
