ncols         6
nrows         44
xllcorner     9200.000000
yllcorner     0.000000
cellsize      200
NODATA_value  -9999
0 0 0 0 0 0
0 0 0 0 0 0
0 0 0 0 0 0
0 0 0 0 0 0
0 0 0 0 0 0
0 0 0 0 0 0
0 0 0 0 0 0
0 0 0 0 0 0
0 0 3.7239 0 0 0
0 0 3.5396 0 0 0
0 0 3.3665 0 0 0
0 0 3.2041 0 0 0
0 0 3.0496 0 0 0
0 0 2.9013 0 0 0
0 0 2.7591 0 0 0
0 0 2.6229 0 0 0
0 0 2.4915 0 0 0
0 0 2.3645 0 0 0
0 0 2.2414 0 0 0
0 0 2.1214 0 0 0
0 0 2.0051 0 0 0
0 0 1.8932 0 0 0
0 0 1.7853 0 0 0
0 0 1.681 0 0 0
0 0 1.58 0 0 0
0 0 1.4819 0 0 0
0 0 1.3863 0 0 0
0 0 1.2928 0 0 0
0 0 1.2013 0 0 0
0 0 1.1117 0 0 0
0 0 1.0238 0 0 0
0 0 0.93758 0 0 0
0 0 0.85276 0 0 0
0 0 0.76927 0 0 0
0 0 0.68693 0 0 0
0 0 0.60581 0 0 0
0 0 0.52624 0 0 0
0 0 0.44814 0 0 0
0 0 0.37133 0 0 0
0 0 0.29562 0 0 0
0 0 0.22087 0 0 0
0 0 0.14685 0 0 0
0 0 0.073227 0 0 0
0 0 0 0 0 0
