ncols         6
nrows         44
xllcorner     9200.000000
yllcorner     0.000000
cellsize      200
NODATA_value  -9999
-9999 -9999 -9999 8.4094 -9999 -9999
-9999 -9999 8.5831 8.5831 8.5831 -9999
-9999 -9999 8.7525 8.7525 8.7525 -9999
-9999 -9999 8.9178 8.9178 8.9178 -9999
-9999 -9999 9.0802 9.0802 9.0802 -9999
-9999 9.2397 9.2397 9.2397 9.2397 -9999
-9999 9.3965 9.3965 9.3965 9.3965 -9999
-9999 -9999 9.5507 9.5507 9.5507 -9999
-9999 9.7026 9.7026 9.7026 9.7026 -9999
-9999 9.8522 9.8522 9.8522 9.8522 -9999
-9999 12.187 12.187 12.187 12.187 -9999
-9999 22.204 22.204 22.204 22.204 -9999
-9999 22.933 22.933 22.933 22.933 -9999
-9999 23.655 23.655 23.655 23.655 -9999
-9999 24.372 24.372 24.372 24.372 -9999
-9999 25.086 25.086 25.086 25.086 -9999
-9999 25.797 25.797 25.797 25.797 -9999
-9999 26.51 26.51 26.51 26.51 -9999
-9999 27.226 27.226 27.226 27.226 -9999
-9999 27.949 27.949 27.949 27.949 -9999
-9999 27.949 27.949 27.949 27.949 27.949
27.949 27.949 27.949 27.949 27.949 27.949
27.949 27.949 27.949 27.949 27.949 27.949
27.949 27.949 27.949 27.949 27.949 27.949
27.949 27.949 27.949 27.949 27.949 27.949
27.949 27.949 27.949 27.949 27.949 27.949
27.949 27.949 27.949 27.949 27.949 -9999
27.949 27.949 27.949 27.949 27.949 -9999
27.949 27.949 27.949 27.949 27.949 -9999
27.949 27.949 27.949 27.949 27.949 -9999
27.949 27.949 27.949 27.949 27.949 -9999
27.949 27.949 27.949 27.949 27.949 -9999
-9999 27.949 27.949 27.949 27.949 -9999
-9999 27.949 27.949 27.949 27.949 -9999
-9999 27.949 27.949 27.949 27.949 -9999
27.949 27.949 27.949 27.949 27.949 27.949
27.949 27.949 27.949 27.949 27.949 27.949
27.949 27.949 27.949 27.949 27.949 27.949
27.949 27.949 27.949 27.949 27.949 -9999
27.949 27.949 27.949 27.949 27.949 -9999
27.949 27.949 27.949 27.949 -9999 -9999
-9999 27.949 27.949 27.949 -9999 -9999
-9999 27.949 27.949 -9999 -9999 -9999
-9999 27.949 27.949 -9999 -9999 -9999
