ncols         18
nrows         48
xllcorner     6600.000000
yllcorner     0.000000
cellsize      200
NODATA_value  -9999
13.088 13.206 13.206 13.317 13.317 13.317 13.317 13.317 13.317 13.317 13.317 13.317 13.317 13.317 13.317 13.317 13.206 13.206
13.206 13.317 13.317 13.428 13.428 13.428 13.428 13.428 13.428 13.428 13.428 13.428 13.428 13.428 13.428 13.428 13.317 13.317
13.317 13.428 13.428 13.538 13.538 13.538 13.538 13.538 13.538 13.538 13.538 13.538 13.538 13.538 13.538 13.538 13.428 -9999
13.428 13.538 13.538 13.645 13.645 13.645 13.645 13.645 13.645 13.645 13.645 13.645 13.645 13.645 13.645 13.645 -9999 -9999
-9999 13.645 13.645 13.752 13.752 13.752 13.752 13.752 13.752 13.752 13.752 13.752 13.752 13.752 13.752 13.752 -9999 -9999
-9999 -9999 13.752 13.856 13.856 13.856 13.856 13.856 13.856 13.856 13.856 13.856 13.856 13.856 13.856 -9999 -9999 -9999
-9999 -9999 13.856 13.959 13.959 13.959 13.959 13.959 13.959 13.959 13.959 13.959 13.959 13.959 13.959 -9999 -9999 -9999
-9999 -9999 13.959 14.061 14.061 14.061 14.061 14.061 14.061 14.061 14.061 14.061 14.061 14.061 14.061 -9999 -9999 -9999
-9999 14.061 14.061 14.162 14.162 14.162 14.162 14.162 14.162 14.162 14.162 14.162 14.162 14.162 14.162 -9999 -9999 -9999
-9999 14.162 14.162 14.261 14.261 14.261 14.261 14.261 14.261 14.261 14.261 14.261 14.261 14.261 -9999 -9999 -9999 -9999
14.162 14.261 14.261 14.36 14.36 14.36 14.36 14.36 14.36 14.36 14.36 14.36 14.36 14.36 -9999 -9999 -9999 -9999
-9999 14.36 14.36 14.457 14.457 14.457 14.457 14.457 14.457 14.457 14.457 14.457 14.457 14.457 14.457 -9999 -9999 -9999
-9999 -9999 14.457 14.554 14.554 14.554 14.554 14.554 14.554 14.554 14.554 14.554 14.554 14.554 -9999 -9999 -9999 -9999
-9999 -9999 14.554 14.65 14.65 14.65 14.65 14.65 14.65 14.65 14.65 14.65 14.65 14.65 -9999 -9999 -9999 -9999
-9999 -9999 -9999 14.74 14.74 14.74 14.74 15.048 15.048 15.048 15.048 15.048 15.048 15.048 -9999 -9999 -9999 -9999
-9999 -9999 -9999 23.142 23.142 23.142 23.142 23.142 23.142 23.142 23.142 23.142 23.142 23.14 -9999 -9999 -9999 -9999
-9999 -9999 -9999 23.595 23.595 23.595 23.595 23.595 23.595 23.595 23.595 23.595 23.595 23.595 -9999 -9999 -9999 -9999
-9999 -9999 -9999 24.044 24.044 24.044 24.044 24.044 24.044 24.044 24.044 24.044 24.044 24.044 -9999 -9999 -9999 -9999
-9999 -9999 -9999 24.489 24.489 24.489 24.489 24.489 24.489 24.489 24.489 24.489 24.489 24.489 -9999 -9999 -9999 -9999
-9999 -9999 -9999 24.931 24.931 24.931 24.931 24.931 24.931 24.931 24.931 24.931 24.931 24.931 -9999 -9999 -9999 -9999
-9999 -9999 -9999 25.369 25.369 25.369 25.369 25.369 25.369 25.369 25.369 25.369 25.369 25.369 -9999 -9999 -9999 -9999
-9999 -9999 25.369 25.806 25.806 25.806 25.806 25.806 25.806 25.806 25.806 25.806 25.806 25.806 -9999 -9999 -9999 -9999
-9999 -9999 25.806 26.242 26.242 26.242 26.242 26.242 26.242 26.242 26.242 26.242 26.242 26.242 -9999 -9999 -9999 -9999
-9999 26.242 26.678 26.678 26.678 26.678 26.678 26.678 26.678 26.678 26.678 26.678 26.678 26.678 -9999 -9999 -9999 -9999
-9999 -9999 26.678 26.678 26.678 26.678 26.678 26.678 26.678 26.678 26.678 26.678 26.678 26.678 -9999 -9999 -9999 -9999
-9999 -9999 -9999 26.678 26.678 26.678 26.678 26.678 26.678 26.678 26.678 26.678 26.678 -9999 -9999 -9999 -9999 -9999
-9999 -9999 -9999 26.678 26.678 26.678 26.678 26.678 26.678 26.678 26.678 26.678 26.678 -9999 -9999 -9999 -9999 -9999
-9999 -9999 -9999 26.678 26.678 26.678 26.678 26.678 26.678 26.678 26.678 26.678 26.678 -9999 -9999 -9999 -9999 -9999
-9999 -9999 -9999 26.678 26.678 26.678 26.678 26.678 26.678 26.678 26.678 26.678 26.678 -9999 -9999 -9999 -9999 -9999
-9999 -9999 26.678 26.678 26.678 26.678 26.678 26.678 26.678 26.678 26.678 26.678 26.678 -9999 -9999 -9999 -9999 -9999
-9999 26.678 26.678 26.678 26.678 26.678 26.678 26.678 26.678 26.678 26.678 26.678 26.678 -9999 -9999 -9999 -9999 -9999
-9999 26.678 26.678 26.678 26.678 26.678 26.678 26.678 26.678 26.678 26.678 26.678 26.678 -9999 -9999 -9999 -9999 -9999
-9999 26.678 26.678 26.678 26.678 26.678 26.678 26.678 26.678 26.678 26.678 26.678 26.678 -9999 -9999 -9999 -9999 -9999
-9999 26.678 26.678 26.678 26.678 26.678 26.678 26.678 26.678 26.678 26.678 26.678 26.678 -9999 -9999 -9999 -9999 -9999
-9999 26.678 26.678 26.678 26.678 26.678 26.678 26.678 26.678 26.678 26.678 26.678 26.678 -9999 -9999 -9999 -9999 -9999
-9999 26.678 26.678 26.678 26.678 26.678 26.678 26.678 26.678 26.678 26.678 26.678 26.678 -9999 -9999 -9999 -9999 -9999
-9999 -9999 26.678 26.678 26.678 26.678 26.678 26.678 26.678 26.678 26.678 26.678 26.678 26.678 -9999 -9999 -9999 -9999
-9999 -9999 26.678 26.678 26.678 26.678 26.678 26.678 26.678 26.678 26.678 26.678 26.678 26.678 -9999 -9999 -9999 -9999
-9999 -9999 26.678 26.678 26.678 26.678 26.678 26.678 26.678 26.678 26.678 26.678 26.678 26.678 -9999 -9999 -9999 -9999
-9999 -9999 -9999 -9999 -9999 -9999 26.678 26.678 26.678 26.678 26.678 26.678 26.678 -9999 -9999 -9999 -9999 -9999
-9999 -9999 -9999 -9999 -9999 -9999 26.678 26.678 26.678 26.678 26.678 26.678 26.678 -9999 -9999 -9999 -9999 -9999
-9999 -9999 -9999 -9999 -9999 -9999 26.678 26.678 26.678 26.678 26.678 26.678 26.678 -9999 -9999 -9999 -9999 -9999
-9999 -9999 -9999 -9999 -9999 -9999 26.678 26.678 26.678 26.678 26.678 26.678 26.678 -9999 -9999 -9999 -9999 -9999
-9999 -9999 -9999 -9999 -9999 -9999 -9999 26.678 26.678 26.678 26.678 26.678 26.678 -9999 -9999 -9999 -9999 -9999
-9999 -9999 -9999 -9999 -9999 -9999 -9999 26.678 26.678 26.678 26.678 -9999 -9999 -9999 -9999 -9999 -9999 -9999
-9999 -9999 -9999 -9999 -9999 -9999 -9999 -9999 26.678 26.678 26.678 -9999 -9999 -9999 -9999 -9999 -9999 -9999
-9999 -9999 -9999 -9999 -9999 -9999 -9999 -9999 26.678 26.678 -9999 -9999 -9999 -9999 -9999 -9999 -9999 -9999
-9999 -9999 -9999 -9999 -9999 -9999 -9999 -9999 26.678 26.678 -9999 -9999 -9999 -9999 -9999 -9999 -9999 -9999
