ncols         5
nrows         19
xllcorner     1000.000000
yllcorner     0.000000
cellsize      200
NODATA_value  -9999
-9999 -9999 49.863 -9999 -9999
-9999 49.863 49.863 49.863 -9999
-9999 49.863 49.863 49.863 -9999
49.863 49.863 49.863 49.863 -9999
49.863 49.863 49.863 49.863 -9999
49.863 49.863 49.863 49.863 49.863
49.863 49.863 49.863 49.863 49.863
49.863 49.863 49.863 49.863 49.863
49.863 49.863 49.863 49.863 49.863
49.863 49.863 49.863 49.863 49.863
49.863 49.863 49.863 49.863 49.863
49.863 49.863 49.863 49.863 49.863
49.863 49.863 49.863 49.863 49.863
49.863 49.863 49.863 49.863 49.863
49.863 49.863 49.863 -9999 -9999
49.863 49.863 49.863 -9999 -9999
49.863 49.863 49.863 -9999 -9999
-9999 49.863 -9999 -9999 -9999
-9999 49.863 -9999 -9999 -9999
