ncols         5
nrows         14
xllcorner     16000.000000
yllcorner     0.000000
cellsize      200
NODATA_value  -9999
-32768 -32768 41.957 -32768 -32768
-32768 -32768 32.116 41.961 -32768
-32768 36.122 26.292 36.21 -32768
-32768 32.061 22.155 32.083 -32768
-32768 28.702 18.778 28.716 -32768
-32768 25.793 15.855 25.8 -32768
-32768 23.175 13.24 23.193 -32768
27.806 17.95 10.854 20.795 -32768
25.678 15.782 8.6984 15.795 25.65
23.763 13.853 6.7566 13.853 23.739
-32768 14.941 4.9733 14.94 -32768
-32768 13.186 3.2619 13.186 -32768
-32768 -32768 1.6192 9.8815 -32768
-32768 -32768 0.00034683 0.00095854 -32768
