ncols         5
nrows         12
xllcorner     11600.000000
yllcorner     0.000000
cellsize      200
NODATA_value  -9999
-32768 42.456 32.637 -32768 -32768
-32768 35.483 25.565 -32768 -32768
-32768 27.621 20.52 30.366 -32768
33.928 24.029 16.943 26.849 -32768
31.021 21.109 14.025 23.943 -32768
28.505 18.582 11.498 21.428 -32768
26.255 16.321 9.2374 19.178 -32768
24.178 14.27 7.1742 17.124 -32768
-32768 15.192 5.2642 15.222 -32768
-32768 13.348 3.4457 13.394 16.996
-32768 -32768 1.7091 9.8909 7.1091
-32768 -32768 0.0005125 0.0004616 0.00075266
