ncols         21
nrows         48
xllcorner     13600.000000
yllcorner     0.000000
cellsize      200
NODATA_value  -9999
0 0 0 0 0 0 0 0 0 0 0 0 0 0 0 0 0 0 0 0 0
0 0 0 0 0 0 0 0 0 0 0 0 0 0 0 0 0 0 0 0 0
0 0 0 0 0 0 0 0 0 2.7821 0 0 0 0 0 0 0 0 0 0 0
0 0 0 0 0 0 0 0 0 2.6262 0 0 0 0 0 0 0 0 0 0 0
0 0 0 0 0 0 0 2.7658 2.5716 2.4825 0 0 0 0 0 0 0 0 0 0 0
0 0 0 0 0 0 0 0 0 2.3569 0 0 0 0 0 3.2013 0 0 0 0 0
0 0 0 0 0 0 0 0 0 2.2489 0 0 0 0 0 3.0239 0 0 0 0 0
0 0 0 0 0 0 0 0 0 2.1458 0 0 0 0 0 2.8623 0 0 0 0 0
0 0 0 0 0 0 0 0 0 2.0452 0 0 0 0 0 2.7137 0 0 0 0 0
0 0 0 0 0 0 2.4188 0 0 1.9476 0 0 0 0 0 2.5748 0 0 0 0 0
0 0 0 0 0 0 2.2342 0 0 1.8529 0 0 0 0 0 2.4434 0 0 0 0 0
0 0 0 0 0 0 2.06 0 0 1.76 0 0 0 0 0 2.3178 0 0 0 0 0
0 0 0 0 0 2.2053 2.0091 1.8504 1.7259 1.6685 0 0 0 0 0 2.1969 0 0 0 0 0
0 0 0 0 0 0 0 0 0 1.5867 0 0 0 0 0 2.0791 0 0 0 0 0
0 0 0 0 0 0 0 0 0 1.5144 0 0 0 1.8204 1.923 0 0 0 0 0 0
0 0 0 0 0 0 0 0 0 1.4431 0 0 1.6799 0 0 0 0 0 0 0 0
0 0 0 0 0 0 0 0 0 1.3725 0 0 1.5839 0 0 0 0 0 0 0 0
0 0 0 0 0 1.9617 1.7742 1.5958 1.4231 1.3049 0 0 1.4894 0 0 0 0 0 0 0 0
0 0 0 0 0 0 0 0 0 1.2402 1.2782 1.3629 0 0 0 0 0 0 0 0 0
0 0 0 0 0 0 0 0 0 1.1825 0 0 0 0 0 0 0 0 0 0 0
0 0 0 0 0 0 0 0 0 1.1317 0 0 0 0 0 0 0 0 0 0 0
0 0 0 0 0 0 0 0 0 1.0813 0 0 0 0 0 0 0 0 0 0 0
0 0 0 0 0 0 0 0 0 1.0312 0 0 0 0 0 0 0 0 0 0 0
0 0 0 0 0 0 0 1.2759 1.0921 0.98252 0 0 0 0 0 0 0 0 0 0 0
0 0 0 0 0 0 0 0 0 0.93504 0 0 0 0 0 0 0 0 0 0 0
0 0 0 0 0 0 0 0 0 0.88782 0 0 0 0 1.6601 0 0 0 0 0 0
0 0 0 0 0 0 0 0 0 0.84081 0 0 0 0 1.4846 0 0 0 0 0 0
0 0 0 0 0 0 0 1.1025 0.91183 0.79594 0.88033 1.0068 1.1354 1.2679 0 0 0 0 0 0 0
0 0 0 0 0 0 0 0 0 0.7532 0 0 0 0 0 0 0 0 0 0 0
0 0 0 0 0 0 0 0 0 0.71066 0 0 0 0 0 0 0 0 0 0 0
0 0 0 0 0 0 0 0 0 0.66838 0 0 0 0 0 0 0 0 0 0 0
0 0 0 0 0 0 0 0 0 0.62674 0 0 0 0 0 0 0 0 0 0 0
0 0 0 0 0 0 0 0 0 0.58566 0 0 0 0 0 0 0 0 0 0 0
0 0 0 0 0 0 0 0 0 0.54493 0 0 0 0 0 0 0 0 0 0 0
0 0 0 0 0 0 0 0 0 0.50461 0 0 0 0 0 0 0 0 0 0 0
0 0 0 0 0 0 0 0 0 0.46453 0 0 0 0 0 0 0 0 0 0 0
0 0 0 0 0 0 0 0 0 0.42472 0 0 0 0 0 0 0 0 0 0 0
0 0 0 0 0 0 0 0 0 0.38516 0 0 0 0 0 0 0 0 0 0 0
0 0 0 0 0 0 0 0 0 0.34584 0 0 0 0 0 0 0 0 0 0 0
0 0 0 0 0 0 0 0 0 0.30677 0 0 0 0 0 0 0 0 0 0 0
0 0 0 0 0 0 0 0 0 0.26792 0 0 0 0 0 0 0 0 0 0 0
0 0 0 0 0 0 0 0 0 0.22926 0 0 0 0 0 0 0 0 0 0 0
0 0 0 0 0 0 0 0 0 0.19075 0 0 0 0 0 0 0 0 0 0 0
0 0 0 0 0 0 0 0 0 0.15239 0 0 0 0 0 0 0 0 0 0 0
0 0 0 0 0 0 0 0 0 0.11417 0 0 0 0 0 0 0 0 0 0 0
0 0 0 0 0 0 0 0 0 0.076056 0 0 0 0 0 0 0 0 0 0 0
0 0 0 0 0 0 0 0 0 0.038001 0 0 0 0 0 0 0 0 0 0 0
0 0 0 0 0 0 0 0 0 0 0 0 0 0 0 0 0 0 0 0 0
