ncols         5
nrows         14
xllcorner     16000.000000
yllcorner     0.000000
cellsize      200
NODATA_value  -9999
-9999 -9999 23.183 -9999 -9999
-9999 -9999 26.106 26.106 -9999
-9999 28.721 28.721 28.721 -9999
-9999 31.107 31.107 31.107 -9999
-9999 33.263 33.263 33.263 -9999
-9999 35.205 35.205 35.205 -9999
-9999 31.237 31.237 31.237 -9999
28.821 28.821 28.821 28.821 -9999
27.096 27.096 27.096 27.096 27.096
27.805 27.805 27.805 27.805 27.805
-9999 27.805 27.805 27.805 -9999
-9999 27.805 27.805 27.805 -9999
-9999 -9999 25.678 25.678 -9999
-9999 -9999 23.763 23.763 -9999
