ncols         7
nrows         35
xllcorner     6400.000000
yllcorner     0.000000
cellsize      200
NODATA_value  -9999
0 0 0 0 0 0 0
0 0 0 0 0 0 0
0 0 0 0 0 0 0
0 0 0 0 0 0 0
0 0 0 0 0 0 0
0 0 0 0 0 0 0
0 0 0 0 3.0057 0 0
0 0 0 0 2.8241 0 0
0 0 0 0 2.656 0 0
0 0 0 0 2.4995 0 0
0 0 0 0 2.3534 0 0
0 0 0 0 2.2159 0 0
0 0 0 0 2.0856 0 0
0 0 0 0 1.9614 0 0
0 0 0 0 1.8427 0 0
0 0 0 0 1.729 0 0
0 0 0 0 1.6201 0 0
0 0 0 0 1.5155 0 0
0 0 0 0 1.4147 0 0
0 0 0 0 1.3173 0 0
0 0 0 0 1.223 0 0
0 0 0 0 1.1317 0 0
0 0 0 0 1.0428 0 0
0 0 0 0 0.95556 0 0
0 0 0 0 0.86996 0 0
0 0 0 0 0.78588 0 0
0 0 0 0 0.70312 0 0
0 0 0 0 0.62146 0 0
0 0 0 0 0.54087 0 0
0 0 0 0 0.46131 0 0
0 0 0 0 0.38274 0 0
0 0 0 0 0.30512 0 0
0 0 0 0 0.22831 0 0
0 0 0 0 0.15195 0 0
0 0 0 0 0.075811 0 0
