ncols         5
nrows         12
xllcorner     11600.000000
yllcorner     0.000000
cellsize      200
NODATA_value  -9999
-9999 28.431 28.431 -9999 -9999
-9999 30.958 30.958 -9999 -9999
-9999 33.218 33.218 33.218 -9999
35.282 35.282 35.282 35.282 -9999
37.192 37.192 37.192 37.192 -9999
32.037 32.037 32.037 32.037 -9999
32.219 32.219 32.219 32.219 -9999
33.928 33.928 33.928 33.928 -9999
-9999 31.021 31.021 31.021 -9999
-9999 28.505 28.505 28.505 28.505
-9999 -9999 26.254 26.254 26.254
-9999 -9999 24.178 24.178 24.178
