ncols         7
nrows         35
xllcorner     6400.000000
yllcorner     0.000000
cellsize      200
NODATA_value  -9999
-9999 -9999 -9999 52.152 52.152 -9999 -9999
-9999 -9999 52.996 52.996 52.996 52.996 -9999
-9999 -9999 53.825 53.825 53.825 53.825 -9999
-9999 -9999 54.644 54.644 54.644 54.644 -9999
-9999 -9999 55.454 55.454 55.454 55.454 -9999
-9999 -9999 56.253 56.253 56.253 56.253 56.253
-9999 -9999 57.042 57.042 57.042 57.042 57.042
-9999 -9999 57.822 57.822 57.822 57.822 57.822
-9999 -9999 58.592 58.592 58.592 58.592 58.592
-9999 59.357 59.357 59.357 59.357 59.357 59.357
-9999 60.121 60.121 60.121 60.121 60.121 60.121
-9999 60.121 60.121 60.121 60.121 60.121 60.121
-9999 60.121 60.121 60.121 60.121 60.121 60.121
-9999 60.121 60.121 60.121 60.121 60.121 60.121
-9999 60.121 60.121 60.121 60.121 60.121 60.121
60.121 60.121 60.121 60.121 60.121 60.121 60.121
60.121 60.121 60.121 60.121 60.121 60.121 60.121
60.121 60.121 60.121 60.121 60.121 60.121 60.121
60.121 60.121 60.121 60.121 60.121 60.121 60.121
60.121 60.121 60.121 60.121 60.121 60.121 60.121
60.121 60.121 60.121 60.121 60.121 60.121 60.121
60.121 60.121 60.121 60.121 60.121 60.121 60.121
-9999 60.121 60.121 60.121 60.121 60.121 60.121
-9999 -9999 60.121 60.121 60.121 60.121 60.121
-9999 -9999 60.121 60.121 60.121 60.121 60.121
-9999 -9999 60.085 60.085 60.085 60.085 60.085
-9999 -9999 -9999 54.397 54.397 54.397 54.397
-9999 -9999 -9999 53.727 53.727 53.727 53.727
-9999 -9999 -9999 51.083 51.083 51.083 51.083
-9999 -9999 -9999 50.251 50.251 50.251 50.251
-9999 -9999 -9999 47.117 47.117 47.117 47.117
-9999 -9999 -9999 47.117 47.117 47.117 47.117
-9999 -9999 -9999 47.117 47.117 47.117 -9999
-9999 -9999 -9999 -9999 47.117 47.117 -9999
-9999 -9999 -9999 -9999 45.586 45.586 -9999
