ncols         6
nrows         48
xllcorner     9200.000000
yllcorner     0.000000
cellsize      200
NODATA_value  -9999
0 0 0 0 0 0
0 0 0 0 0 0
0 0 0 0 0 0
0 0 0 0 0 0
0 0 0 0 0 0
0 0 0 0 0 0
0 0 0 0 0 0
0 0 0 3.699 0 0
0 0 3.4425 0 0 0
0 0 3.2854 0 0 0
0 0 3.141 0 0 0
0 0 3.0041 0 0 0
0 0 2.8749 0 0 0
0 0 2.7508 0 0 0
0 0 2.632 0 0 0
0 0 2.5187 0 0 0
0 0 2.4095 0 0 0
0 0 2.3035 0 0 0
0 0 2.2008 0 0 0
0 0 2.1018 0 0 0
0 0 2.0055 0 0 0
0 0 1.9118 0 0 0
0 0 1.8205 0 0 0
0 0 1.7311 0 0 0
0 0 1.6437 0 0 0
0 0 1.5585 0 0 0
0 0 1.4752 0 0 0
0 0 1.3935 0 0 0
0 0 1.3135 0 0 0
0 0 1.2349 0 0 0
0 0 1.1577 0 0 0
0 0 1.0818 0 0 0
0 0 1.0069 0 0 0
0 0 0.93321 0 0 0
0 0 0.86065 0 0 0
0 0 0.78922 0 0 0
0 0 0.71885 0 0 0
0 0 0.64951 0 0 0
0 0 0.58115 0 0 0
0 0 0.51372 0 0 0
0 0 0.4472 0 0 0
0 0 0.38154 0 0 0
0 0 0.31665 0 0 0
0 0 0.25243 0 0 0
0 0 0.1888 0 0 0
0 0 0.12562 0 0 0
0 0 0.062685 0 0 0
0 0 0 0 0 0
