ncols         11
nrows         48
xllcorner     0.000000
yllcorner     0.000000
cellsize      200
NODATA_value  -9999
0 0 0 0 0 0 0 0 0 0 0
0 0 0 0 0 0 0 0 0 0 0
0 0 0 0 0 0 0 0 0 0 0
0 0 0 0 0 0 0 0 0 0 0
0 0 0 0 0 0 0 0 0 0 0
0 0 0 0 0 3.8153 0 0 0 0 0
0 0 0 0 0 3.6307 0 0 0 0 0
0 0 0 0 0 3.459 0 0 0 0 0
0 0 0 0 0 3.2956 0 0 0 0 0
0 0 0 0 0 3.1455 0 0 0 0 0
0 0 0 0 0 3.0081 0 0 0 0 0
0 0 0 0 0 2.8756 0 0 0 0 0
0 0 2.8018 0 0 2.7465 0 0 0 0 0
0 0 2.6038 0 2.5764 0 0 0 0 0 0
0 0 2.4129 2.4183 0 0 0 0 0 0 0
0 0 2.2726 0 0 0 0 0 0 0 0
0 0 2.1798 0 0 0 0 0 0 0 0
0 0 2.0902 0 0 0 0 0 0 0 0
0 0 2.0023 0 0 0 0 0 0 0 0
0 0 1.9159 0 0 0 0 0 0 0 0
0 0 1.8308 0 0 0 0 0 0 0 0
0 0 1.7466 0 0 0 0 0 0 0 0
0 0 1.663 0 0 0 0 0 0 0 0
0 0 1.5798 1.6667 1.8278 1.9973 0 0 0 0 0
0 0 1.5016 0 0 0 0 0 0 0 0
0 0 1.4289 0 0 0 0 0 0 0 0
0 0 1.3576 0 0 0 0 0 0 0 0
0 0 1.2874 0 0 0 0 0 0 0 0
0 0 1.2183 0 0 0 0 0 0 0 0
0 0 1.1501 0 0 0 0 0 0 0 0
0 0 1.0825 0 0 0 0 0 0 0 0
0 0 1.0156 0 0 0 0 0 0 0 0
0 0 0.9491 0 0 0 0 0 0 0 0
0 0 0.88309 0 0 0 0 0 0 0 0
0 0 0.81751 0 0 0 0 0 0 0 0
0 0 0.75235 0 0 0 0 0 0 0 0
0 0 0.68759 0 0 0 0 0 0 0 0
0 0 0.62324 0 0 0 0 0 0 0 0
0 0 0.55929 0 0 0 0 0 0 0 0
0 0 0.49572 0 0 0 0 0 0 0 0
0 0 0.43254 0 0 0 0 0 0 0 0
0 0 0.36973 0 0 0 0 0 0 0 0
0 0 0.30729 0 0 0 0 0 0 0 0
0 0 0.24521 0 0 0 0 0 0 0 0
0 0 0.18349 0 0 0 0 0 0 0 0
0 0 0.12206 0 0 0 0 0 0 0 0
0 0 0.060806 0 0 0 0 0 0 0 0
0 0 0 0 0 0 0 0 0 0 0
