ncols         5
nrows         14
xllcorner     16000.000000
yllcorner     0.000000
cellsize      200
NODATA_value  -9999
-9999 -9999 41.961 -9999 -9999
-9999 -9999 41.961 41.961 -9999
-9999 41.961 41.961 41.961 -9999
-9999 41.961 41.961 41.961 -9999
-9999 41.961 41.961 41.961 -9999
-9999 41.961 41.961 41.961 -9999
-9999 41.961 41.961 41.961 -9999
41.961 41.961 41.961 41.961 -9999
41.961 41.961 41.961 41.961 41.961
41.961 41.961 41.961 41.961 41.961
-9999 41.961 41.961 41.961 -9999
-9999 41.961 41.961 41.961 -9999
-9999 -9999 41.961 41.961 -9999
-9999 -9999 41.961 41.961 -9999
