ncols         17
nrows         48
xllcorner     6400.000000
yllcorner     0.000000
cellsize      200
NODATA_value  -9999
-9999 27.065 28.847 30.508 32.066 33.222 34.207 27.779 27.779 27.779 27.782 34.42 37.072 37.072 37.072 32.072 27.889
-9999 27.065 28.847 30.508 32.066 33.222 36.587 36.587 35.846 30.765 28.815 35.452 38.105 38.105 38.105 33.087 27.889
25.09 27.065 28.847 30.508 32.066 33.222 38.873 38.873 36.843 31.762 29.812 36.449 39.102 39.102 39.102 33.087 -9999
-9999 27.065 28.847 30.508 32.066 33.222 39.855 39.855 37.825 32.744 30.794 37.431 40.084 40.084 40.084 36.285 -9999
-9999 -9999 28.847 32.855 32.855 33.703 40.789 40.789 38.76 33.679 31.729 38.366 41.019 41.019 41.019 -9999 -9999
-9999 -9999 -9999 35.303 35.303 34.977 41.702 41.702 39.672 34.592 32.641 39.279 41.931 41.931 41.931 -9999 -9999
-9999 -9999 -9999 37.621 39.252 38.926 42.598 42.598 40.568 35.487 33.537 40.174 40.174 40.174 40.174 -9999 -9999
-9999 -9999 -9999 37.295 40.524 42.012 43.487 43.487 41.457 36.376 34.426 40.026 40.026 40.026 40.026 -9999 -9999
-9999 -9999 34.908 37.295 40.524 42.012 44.226 44.226 42.196 37.115 35.165 35.165 35.165 35.165 -9999 -9999 -9999
-9999 -9999 34.908 37.295 40.524 42.012 44.961 44.961 42.931 37.85 35.712 35.712 35.712 35.712 -9999 -9999 -9999
-9999 32.376 34.908 37.295 40.524 42.012 45.676 45.676 35.879 33.08 36.427 36.427 36.427 36.427 -9999 -9999 -9999
-9999 -9999 32.973 35.36 38.589 40.078 44.443 44.443 36.58 33.781 31.548 31.548 31.548 31.548 31.548 -9999 -9999
-9999 -9999 -9999 35.172 38.401 39.941 44.943 37.996 37.268 34.469 29.195 29.031 29.031 29.031 -9999 -9999 -9999
-9999 -9999 -9999 -9999 -9999 33.592 38.597 38.597 35.246 35.145 29.871 28.905 28.905 28.905 -9999 -9999 -9999
-9999 -9999 -9999 -9999 -9999 -9999 39.261 39.261 35.91 35.809 30.535 29.314 29.314 29.314 -9999 -9999 -9999
-9999 -9999 -9999 -9999 -9999 -9999 39.915 39.915 36.564 36.463 31.189 29.969 29.969 29.969 -9999 -9999 -9999
-9999 -9999 -9999 -9999 -9999 -9999 40.56 40.56 37.209 37.108 31.834 28.219 28.219 28.219 -9999 -9999 -9999
-9999 -9999 -9999 -9999 -9999 -9999 37.744 37.744 37.744 37.744 32.47 28.192 28.192 28.192 -9999 -9999 -9999
-9999 -9999 -9999 -9999 -9999 -9999 -9999 33.096 33.096 33.096 33.096 28.101 28.101 28.101 -9999 -9999 -9999
-9999 -9999 -9999 -9999 -9999 -9999 -9999 33.041 33.041 33.041 33.041 28.024 28.024 28.024 -9999 -9999 -9999
-9999 -9999 -9999 -9999 -9999 -9999 -9999 32.948 32.948 32.948 32.948 27.943 27.943 27.943 -9999 -9999 -9999
-9999 -9999 -9999 -9999 -9999 -9999 -9999 32.922 32.922 32.922 32.922 27.868 27.868 27.868 -9999 -9999 -9999
-9999 -9999 -9999 -9999 -9999 -9999 -9999 28.283 28.283 28.283 28.283 28.283 28.246 28.246 -9999 -9999 -9999
-9999 -9999 -9999 -9999 -9999 -9999 -9999 28.872 28.872 28.872 28.872 28.872 28.835 28.835 -9999 -9999 -9999
-9999 -9999 -9999 -9999 -9999 -9999 -9999 29.453 29.453 29.453 29.453 29.453 29.416 29.416 -9999 -9999 -9999
-9999 -9999 -9999 -9999 -9999 -9999 -9999 30.028 30.028 30.028 30.028 30.028 29.991 29.991 -9999 -9999 -9999
-9999 -9999 -9999 -9999 -9999 -9999 -9999 30.597 30.597 30.597 30.597 30.597 30.559 30.559 -9999 -9999 -9999
-9999 -9999 -9999 -9999 -9999 -9999 -9999 26.854 26.854 26.854 26.854 26.854 26.824 26.824 -9999 -9999 -9999
-9999 -9999 -9999 -9999 -9999 -9999 -9999 27.41 27.41 27.41 27.41 27.41 27.38 27.38 -9999 -9999 -9999
-9999 -9999 -9999 -9999 -9999 -9999 -9999 27.392 27.392 27.392 27.392 27.392 27.364 27.364 -9999 -9999 -9999
-9999 -9999 -9999 -9999 -9999 -9999 -9999 27.337 27.337 27.337 27.337 27.337 27.312 27.312 -9999 -9999 -9999
-9999 -9999 -9999 -9999 -9999 -9999 -9999 27.284 27.284 27.284 27.284 27.284 27.261 27.261 -9999 -9999 -9999
-9999 -9999 -9999 -9999 -9999 -9999 -9999 27.233 27.233 27.233 27.233 27.233 27.212 27.212 -9999 -9999 -9999
-9999 -9999 -9999 -9999 -9999 -9999 -9999 27.184 27.184 27.184 27.184 27.184 27.165 27.165 -9999 -9999 -9999
-9999 -9999 -9999 -9999 -9999 -9999 -9999 27.136 27.136 27.136 27.136 27.136 27.119 27.119 -9999 -9999 -9999
-9999 -9999 -9999 -9999 -9999 -9999 -9999 27.09 27.09 27.09 27.09 27.09 27.074 27.074 -9999 -9999 -9999
-9999 -9999 -9999 -9999 -9999 -9999 -9999 27.045 27.045 27.045 27.045 27.045 27.03 27.03 -9999 -9999 -9999
-9999 -9999 -9999 -9999 -9999 -9999 -9999 27.001 27.001 27.001 27.001 27.001 26.988 26.988 -9999 -9999 -9999
-9999 -9999 -9999 -9999 -9999 -9999 -9999 26.959 26.959 26.959 26.959 26.959 26.947 26.947 -9999 -9999 -9999
-9999 -9999 -9999 -9999 -9999 -9999 -9999 26.918 26.918 26.918 26.918 26.918 26.908 26.908 -9999 -9999 -9999
-9999 -9999 -9999 -9999 -9999 -9999 -9999 26.879 26.879 26.879 26.879 26.879 26.87 26.87 -9999 -9999 -9999
-9999 -9999 -9999 -9999 -9999 -9999 -9999 26.845 26.845 26.845 26.845 26.845 26.836 26.836 -9999 -9999 -9999
-9999 -9999 -9999 -9999 -9999 -9999 -9999 26.814 26.814 26.814 26.814 26.814 26.806 26.806 -9999 -9999 -9999
-9999 -9999 -9999 -9999 -9999 -9999 -9999 -9999 26.789 26.789 26.789 26.789 26.782 26.782 -9999 -9999 -9999
-9999 -9999 -9999 -9999 -9999 -9999 -9999 -9999 26.273 26.273 26.273 26.273 -9999 -9999 -9999 -9999 -9999
-9999 -9999 -9999 -9999 -9999 -9999 -9999 -9999 -9999 25.762 25.762 25.762 -9999 -9999 -9999 -9999 -9999
-9999 -9999 -9999 -9999 -9999 -9999 -9999 -9999 -9999 25.283 25.283 -9999 -9999 -9999 -9999 -9999 -9999
-9999 -9999 -9999 -9999 -9999 -9999 -9999 -9999 -9999 24.787 24.787 -9999 -9999 -9999 -9999 -9999 -9999
