ncols         5
nrows         13
xllcorner     6200.000000
yllcorner     0.000000
cellsize      200
NODATA_value  -9999
-9999 43.451 -9999 -9999 -9999
43.451 43.451 43.451 -9999 -9999
43.451 43.451 43.451 -9999 -9999
43.451 43.451 43.451 -9999 -9999
43.451 43.451 43.451 43.451 -9999
43.451 43.451 43.451 43.451 -9999
43.451 43.451 43.451 43.451 -9999
43.451 43.451 43.451 43.451 -9999
43.451 43.451 43.451 43.451 -9999
-9999 43.451 43.451 43.451 -9999
-9999 43.451 43.451 43.451 -9999
-9999 43.451 43.451 43.451 43.451
-9999 43.451 43.451 43.451 43.451
