ncols         14
nrows         48
xllcorner     1600.000000
yllcorner     0.000000
cellsize      200
NODATA_value  -9999
0 0 0 0 0 0 0 0 0 0 0 0 0 0
0 0 0 0 0 0 0 0 0 0 0 0 0 0
0 0 0 0 0 0 0 3.344 0 0 0 0 0 0
0 0 0 0 0 0 0 3.1613 0 0 0 0 0 0
0 0 0 0 0 0 0 3.0059 0 0 0 0 0 0
0 0 0 0 0 0 0 2.8772 0 0 0 0 0 0
0 0 0 0 0 0 0 2.7594 0 0 0 0 0 0
0 0 0 0 0 0 0 2.6512 0 0 0 0 0 0
0 0 0 0 0 0 0 2.5474 0 0 0 0 0 0
0 0 0 0 0 0 0 2.4481 0 0 0 0 0 0
0 0 0 0 0 0 0 2.3532 0 0 0 0 0 0
0 0 0 0 0 0 0 2.2623 0 0 0 0 0 0
0 0 0 0 0 0 0 2.1752 0 0 0 0 0 0
0 0 0 0 0 0 0 2.0918 0 0 0 0 0 0
0 0 0 0 0 0 0 2.0107 0 0 0 0 0 0
0 0 0 0 0 0 0 1.9309 0 0 0 0 0 0
0 0 0 0 0 0 2.1324 1.9343 1.8197 0 0 0 0 0
0 0 0 0 0 0 0 0 1.7453 0 0 0 0 0
0 0 0 0 0 0 0 0 1.6747 0 0 0 0 0
0 0 0 0 0 0 0 0 1.6056 0 0 0 0 0
0 0 0 0 0 0 0 0 1.5379 0 0 0 0 0
0 0 0 0 0 0 0 0 1.4712 0 0 0 0 0
0 0 0 0 0 0 0 0 0 1.378 0 0 0 0
0 0 0 0 0 0 0 0 0 1.3131 0 0 0 0
0 0 0 0 0 0 0 0 0 1.2491 0 0 0 0
0 0 0 0 0 0 0 0 0 0 1.1604 0 0 0
0 0 0 0 0 0 0 0 0 0 1.0993 0 0 0
0 0 0 0 0 0 0 0 0 0 1.039 0 0 0
0 0 0 0 0 0 0 0 0 0 0.97932 0 0 0
0 0 0 0 0 0 1.3226 1.2495 0 0 0.92024 0 0 0
0 0 0 0 0 0 0 1.0859 0 0 0.86167 0 0 0
0 0 0 0 0 0 0 0.95223 0 0 0.80355 0 0 0
0 0 0 0 0 0 0 0 0.78095 0.72176 0 0 0 0
0 0 0 0 0 0 0 0 0 0.66767 0 0 0 0
0 0 0 0 0 0 0 0 0 0.61745 0 0 0 0
0 0 0 0 0 0 0 0 0 0.5677 0 0 0 0
0 0 0 0 0 0 0 0 0 0.51843 0 0 0 0
0 0 0 0 0 0 0 0 0 0.46963 0 0 0 0
0 0 0 0 0 0 0 0 0 0.42129 0 0 0 0
0 0 0 0 0 0 0 0 0 0.37337 0 0 0 0
0 0 0 0 0 0 0 0 0 0.32583 0 0 0 0
0 0 0 0 0 0 0 0 0 0.27861 0 0 0 0
0 0 0 0 0 0 0 0 0 0.23165 0 0 0 0
0 0 0 0 0 0 0 0 0 0.18495 0 0 0 0
0 0 0 0 0 0 0 0 0 0.1385 0 0 0 0
0 0 0 0 0 0 0 0 0 0.092253 0 0 0 0
0 0 0 0 0 0 0 0 0 0.046102 0 0 0 0
0 0 0 0 0 0 0 0 0 0 0 0 0 0
