ncols         17
nrows         48
xllcorner     6400.000000
yllcorner     0.000000
cellsize      200
NODATA_value  -9999
-9999 42.028 42.924 42.924 43.812 43.812 44.552 44.552 44.552 44.552 44.552 44.552 44.552 44.455 44.455 43.716 43.716
-9999 42.924 43.812 43.812 44.552 44.552 45.287 45.287 45.287 45.287 45.287 45.287 45.287 45.19 45.19 44.455 44.455
42.924 43.812 44.552 44.552 45.287 45.287 46.002 46.002 46.002 46.002 46.002 46.002 46.002 45.905 45.905 45.19 -9999
-9999 44.552 45.287 45.287 46.002 46.002 46.703 46.703 46.703 46.703 46.703 46.703 46.703 46.607 46.607 45.905 -9999
-9999 -9999 46.002 46.002 46.703 46.703 47.391 47.391 47.391 47.391 47.391 47.391 47.391 47.295 47.295 -9999 -9999
-9999 -9999 -9999 46.703 47.391 47.391 48.067 48.067 48.067 48.067 48.067 48.067 48.067 47.97 47.97 -9999 -9999
-9999 -9999 -9999 47.391 48.067 48.067 48.731 48.731 48.731 48.731 48.731 48.731 48.731 48.634 48.634 -9999 -9999
-9999 -9999 -9999 48.067 48.731 48.731 49.385 49.385 49.385 49.385 49.385 49.385 49.288 49.288 49.288 -9999 -9999
-9999 -9999 48.731 48.731 49.385 49.385 50.03 50.03 50.03 50.03 50.03 50.03 49.933 49.933 -9999 -9999 -9999
-9999 -9999 49.385 49.385 50.03 50.03 50.666 50.666 50.666 50.666 50.666 50.569 50.569 50.569 -9999 -9999 -9999
-9999 49.385 50.03 50.03 50.666 50.666 51.292 51.292 51.292 51.292 51.292 51.196 51.196 51.196 -9999 -9999 -9999
-9999 -9999 50.666 50.666 51.292 51.292 51.92 51.92 51.92 51.92 51.823 51.823 51.823 51.823 51.823 -9999 -9999
-9999 -9999 -9999 51.292 51.92 51.92 52.529 52.529 52.529 52.203 52.433 52.433 52.433 52.433 -9999 -9999 -9999
-9999 -9999 -9999 -9999 -9999 52.529 53.132 52.806 52.806 52.806 52.806 52.806 53.036 53.036 -9999 -9999 -9999
-9999 -9999 -9999 -9999 -9999 -9999 53.402 53.402 53.402 53.402 53.402 53.402 53.402 53.402 -9999 -9999 -9999
-9999 -9999 -9999 -9999 -9999 -9999 53.99 53.99 53.99 53.99 53.99 53.99 53.99 52.056 -9999 -9999 -9999
-9999 -9999 -9999 -9999 -9999 -9999 54.572 54.572 54.572 54.572 54.572 54.572 52.637 45.511 -9999 -9999 -9999
-9999 -9999 -9999 -9999 -9999 -9999 55.147 55.147 55.147 55.147 53.212 53.212 46.078 46.002 -9999 -9999 -9999
-9999 -9999 -9999 -9999 -9999 -9999 -9999 55.715 53.781 53.781 53.592 46.646 46.571 46.571 -9999 -9999 -9999
-9999 -9999 -9999 -9999 -9999 -9999 -9999 54.343 54.154 47.208 47.133 47.133 47.133 47.133 -9999 -9999 -9999
-9999 -9999 -9999 -9999 -9999 -9999 -9999 47.764 47.689 47.689 47.689 47.689 47.689 47.689 -9999 -9999 -9999
-9999 -9999 -9999 -9999 -9999 -9999 -9999 48.239 48.239 48.239 48.239 48.239 48.239 44.889 -9999 -9999 -9999
-9999 -9999 -9999 -9999 -9999 -9999 -9999 48.784 48.784 48.784 48.784 48.784 45.433 45.332 -9999 -9999 -9999
-9999 -9999 -9999 -9999 -9999 -9999 -9999 49.323 49.323 49.323 45.972 45.871 45.871 45.871 -9999 -9999 -9999
-9999 -9999 -9999 -9999 -9999 -9999 -9999 49.857 46.506 46.405 46.405 46.405 41.131 41.131 -9999 -9999 -9999
-9999 -9999 -9999 -9999 -9999 -9999 -9999 46.934 46.934 46.934 41.66 41.66 41.66 40.978 -9999 -9999 -9999
-9999 -9999 -9999 -9999 -9999 -9999 -9999 42.184 42.184 42.184 42.184 41.501 41.501 40.798 -9999 -9999 -9999
-9999 -9999 -9999 -9999 -9999 -9999 -9999 42.02 42.02 42.02 42.02 41.317 41.317 40.688 -9999 -9999 -9999
-9999 -9999 -9999 -9999 -9999 -9999 -9999 41.831 41.831 41.831 41.831 41.202 41.202 36.826 -9999 -9999 -9999
-9999 -9999 -9999 -9999 -9999 -9999 -9999 41.711 41.711 41.711 41.711 36.657 36.657 36.657 -9999 -9999 -9999
-9999 -9999 -9999 -9999 -9999 -9999 -9999 36.982 36.982 36.982 36.982 36.982 36.982 36.982 -9999 -9999 -9999
-9999 -9999 -9999 -9999 -9999 -9999 -9999 37.483 37.483 37.483 37.483 37.483 37.483 37.483 -9999 -9999 -9999
-9999 -9999 -9999 -9999 -9999 -9999 -9999 37.979 37.979 37.979 37.979 37.979 37.979 37.979 -9999 -9999 -9999
-9999 -9999 -9999 -9999 -9999 -9999 -9999 38.475 38.475 38.475 38.475 38.475 38.475 38.475 -9999 -9999 -9999
-9999 -9999 -9999 -9999 -9999 -9999 -9999 38.971 38.971 38.971 38.971 38.971 38.934 38.934 -9999 -9999 -9999
-9999 -9999 -9999 -9999 -9999 -9999 -9999 35.162 35.162 35.162 35.162 35.162 35.162 35.162 -9999 -9999 -9999
-9999 -9999 -9999 -9999 -9999 -9999 -9999 35.162 35.162 35.162 35.162 35.162 35.131 35.131 -9999 -9999 -9999
-9999 -9999 -9999 -9999 -9999 -9999 -9999 34.593 34.593 34.593 34.593 34.593 34.565 34.565 -9999 -9999 -9999
-9999 -9999 -9999 -9999 -9999 -9999 -9999 33.993 33.993 33.993 33.993 33.993 33.968 33.968 -9999 -9999 -9999
-9999 -9999 -9999 -9999 -9999 -9999 -9999 33.401 33.401 33.401 33.401 33.401 33.378 33.378 -9999 -9999 -9999
-9999 -9999 -9999 -9999 -9999 -9999 -9999 32.816 32.816 32.816 32.816 32.816 32.796 32.796 -9999 -9999 -9999
-9999 -9999 -9999 -9999 -9999 -9999 -9999 32.238 32.238 32.238 32.238 32.238 32.219 32.219 -9999 -9999 -9999
-9999 -9999 -9999 -9999 -9999 -9999 -9999 31.667 31.667 31.667 31.667 31.667 31.65 31.65 -9999 -9999 -9999
-9999 -9999 -9999 -9999 -9999 -9999 -9999 -9999 31.102 31.102 31.102 31.102 31.086 31.086 -9999 -9999 -9999
-9999 -9999 -9999 -9999 -9999 -9999 -9999 -9999 30.543 30.543 30.543 30.543 -9999 -9999 -9999 -9999 -9999
-9999 -9999 -9999 -9999 -9999 -9999 -9999 -9999 -9999 29.99 29.99 29.99 -9999 -9999 -9999 -9999 -9999
-9999 -9999 -9999 -9999 -9999 -9999 -9999 -9999 -9999 29.443 29.443 -9999 -9999 -9999 -9999 -9999 -9999
-9999 -9999 -9999 -9999 -9999 -9999 -9999 -9999 -9999 28.902 28.902 -9999 -9999 -9999 -9999 -9999 -9999
