ncols         6
nrows         19
xllcorner     13400.000000
yllcorner     0.000000
cellsize      200
NODATA_value  -9999
-32768 -32768 36.016 -32768 -32768 -32768
-32768 40.012 30.192 37.284 47.023 -32768
-32768 36.26 26.368 33.449 43.31 -32768
-32768 33.232 23.32 30.401 40.276 -32768
-32768 30.637 20.71 27.791 37.649 -32768
-32768 28.312 18.391 25.466 35.329 -32768
33.209 23.378 16.283 22.066 29.164 39.002
31.369 21.494 14.411 20.188 27.271 37.157
29.674 19.789 12.706 18.484 25.567 35.466
28.108 18.215 11.132 16.91 23.993 33.902
26.644 16.745 9.6616 15.439 22.523 32.442
25.266 15.36 8.2769 14.055 21.138 31.083
23.959 14.048 6.9645 12.747 19.848 29.729
22.714 12.797 5.7142 12.791 22.724 -32768
21.512 11.591 4.5083 11.591 21.529 -32768
20.35 10.439 3.3434 10.439 20.349 -32768
-32768 12.157 2.2157 12.157 -32768 -32768
-32768 9.8795 1.1043 9.8798 -32768 -32768
-32768 0.00044013 0.00014215 0.00067279 -32768 -32768
