ncols         6
nrows         19
xllcorner     13400.000000
yllcorner     0.000000
cellsize      200
NODATA_value  -9999
-9999 -9999 26.314 -9999 -9999 -9999
-9999 28.633 28.633 28.633 28.633 -9999
-9999 30.74 30.74 30.74 30.74 -9999
-9999 32.613 32.613 32.613 32.613 -9999
-9999 34.317 34.317 34.317 34.317 -9999
-9999 35.891 35.891 35.891 35.891 -9999
33.649 33.649 33.649 33.649 33.649 33.649
31.999 31.999 31.999 31.999 31.999 31.999
30.684 32.038 32.038 32.038 32.038 32.038
29.614 33.288 33.288 33.288 33.288 33.288
28.7 34.494 34.494 34.494 34.494 34.494
28.025 33.813 33.813 33.813 33.813 33.813
27.458 33.25 33.25 33.25 33.25 33.25
27.003 32.798 32.798 32.798 32.798 -9999
26.644 32.441 32.441 32.441 32.441 -9999
25.266 31.083 31.083 31.083 31.083 -9999
-9999 29.729 29.729 29.729 -9999 -9999
-9999 22.724 22.724 22.724 -9999 -9999
-9999 21.529 21.529 21.529 -9999 -9999
