ncols         5
nrows         19
xllcorner     1000.000000
yllcorner     0.000000
cellsize      200
NODATA_value  -9999
-9999 -9999 27.941 -9999 -9999
-9999 30.391 30.391 30.391 -9999
-9999 32.544 32.544 32.544 -9999
34.488 34.488 34.488 34.488 -9999
36.273 36.273 36.273 36.273 -9999
37.934 37.934 37.934 37.934 37.934
35.043 35.043 35.043 35.043 35.043
33.374 33.374 33.374 33.374 33.374
34.774 34.774 34.774 34.774 34.774
36.112 36.112 36.112 36.112 36.112
35.273 35.273 35.273 35.273 35.273
34.566 34.566 34.566 34.566 34.566
33.997 33.997 33.997 33.997 33.997
33.53 33.53 33.53 33.53 33.53
33.158 33.158 33.158 -9999 -9999
31.68 31.68 31.68 -9999 -9999
30.275 30.275 30.275 -9999 -9999
-9999 28.972 -9999 -9999 -9999
-9999 14.842 -9999 -9999 -9999
