ncols         5
nrows         19
xllcorner     1000.000000
yllcorner     0.000000
cellsize      200
NODATA_value  -9999
-32768 -32768 49.743 -32768 -32768
-32768 32.901 40.008 49.864 -32768
-32768 28.402 35.49 45.415 -32768
34.689 24.841 31.921 41.807 -32768
31.82 21.922 27.706 34.809 -32768
29.381 19.473 25.251 32.336 42.272
27.237 17.319 23.097 30.182 40.151
25.301 15.376 21.153 28.238 38.188
23.523 13.59 19.368 26.452 36.391
21.869 11.93 17.708 24.792 34.723
20.317 10.372 16.149 23.233 33.158
18.849 8.8986 14.676 21.76 31.68
17.454 7.4982 13.276 20.36 30.276
16.121 6.1606 11.953 19.047 28.973
14.842 4.8783 14.821 -32768 -32768
13.591 3.6225 13.555 -32768 -32768
12.352 2.3947 12.296 -32768 -32768
-32768 1.193 -32768 -32768 -32768
-32768 0.00062644 -32768 -32768 -32768
