ncols         12
nrows         48
xllcorner     17200.000000
yllcorner     0.000000
cellsize      200
NODATA_value  -9999
0 0 0 0 0 0 0 0 0 0 0 0
0 0 0 0 0 0 0 0 0 0 0 0
0 0 0 0 0 0 0 0 0 0 0 0
0 0 0 0 0 0 0 0 0 0 0 0
0 0 0 0 0 0 0 0 3.3297 0 0 0
0 0 0 0 0 3.237 0 0 3.1384 0 0 0
0 0 0 0 0 3.0776 0 0 2.9638 0 0 0
0 0 0 0 0 2.9275 0 0 2.8014 0 0 0
0 0 0 0 0 2.7853 0 0 2.6469 0 0 0
0 0 0 0 0 2.6497 0 0 2.4986 0 0 0
0 0 0 0 0 2.5195 0 0 2.355 0 0 0
0 0 0 0 0 2.3925 0 0 2.2149 0 0 0
0 0 0 0 0 0 2.2253 2.1155 2.0836 0 0 0
0 0 0 0 0 0 0 0 1.981 0 0 0
0 0 0 0 0 0 0 0 1.9008 0 0 0
0 0 0 0 0 0 0 0 1.8223 0 0 0
0 0 0 0 0 0 0 0 1.7452 0 0 0
0 0 0 0 0 0 0 0 1.6694 0 0 0
0 0 0 0 0 0 0 0 1.5949 0 0 0
0 0 0 0 0 1.9703 1.8024 1.6391 1.5246 0 0 0
0 0 0 0 0 0 0 0 1.4583 0 0 0
0 0 0 0 0 0 0 0 1.3928 0 0 0
0 0 0 0 0 0 0 0 1.3284 0 0 0
0 0 0 0 0 0 0 0 1.2654 0 0 0
0 0 0 0 0 0 0 0 1.2035 0 0 0
0 0 0 0 0 0 0 0 1.1423 0 0 0
0 0 0 0 0 0 0 0 1.0829 0 0 0
0 0 0 0 0 0 0 0 1.0249 0 0 0
0 0 0 0 0 0 0 0 0.96765 0 0 0
0 0 0 0 0 0 0 0 0.91113 0 0 0
0 0 0 0 0 0 0 0 0.85556 0 0 0
0 0 0 0 0 0 0 0 0.80108 0 0 0
0 0 0 0 0 0 0 0 0.74724 0 0 0
0 0 0 0 0 0 0 0 0.69405 0 0 0
0 0 0 0 0 0 0 0 0.64152 0 0 0
0 0 0 0 0 0 0 0 0.58964 0 0 0
0 0 0 0 0 0 0 0 0.53834 0 0 0
0 0 0 0 0 0 0 0 0.48757 0 0 0
0 0 0 0 0 0 0 0 0.43728 0 0 0
0 0 0 0 0 0 0 0 0.38744 0 0 0
0 0 0 0 0 0 0 0 0.33799 0 0 0
0 0 0 0 0 0 0 0 0.2889 0 0 0
0 0 0 0 0 0 0 0 0.24013 0 0 0
0 0 0 0 0 0 0 0 0.19166 0 0 0
0 0 0 0 0 0 0 0 0.14346 0 0 0
0 0 0 0 0 0 0 0 0.095484 0 0 0
0 0 0 0 0 0 0 0 0.047621 0 0 0
0 0 0 0 0 0 0 0 0 0 0 0
