ncols         6
nrows         19
xllcorner     13400.000000
yllcorner     0.000000
cellsize      200
NODATA_value  -9999
-9999 -9999 47.023 -9999 -9999 -9999
-9999 47.023 47.023 47.023 47.023 -9999
-9999 47.023 47.023 47.023 47.023 -9999
-9999 47.023 47.023 47.023 47.023 -9999
-9999 47.023 47.023 47.023 47.023 -9999
-9999 47.023 47.023 47.023 47.023 -9999
47.023 47.023 47.023 47.023 47.023 47.023
47.023 47.023 47.023 47.023 47.023 47.023
47.023 47.023 47.023 47.023 47.023 47.023
47.023 47.023 47.023 47.023 47.023 47.023
47.023 47.023 47.023 47.023 47.023 47.023
47.023 47.023 47.023 47.023 47.023 47.023
47.023 47.023 47.023 47.023 47.023 47.023
47.023 47.023 47.023 47.023 47.023 -9999
47.023 47.023 47.023 47.023 47.023 -9999
47.023 47.023 47.023 47.023 47.023 -9999
-9999 47.023 47.023 47.023 -9999 -9999
-9999 47.023 47.023 47.023 -9999 -9999
-9999 47.023 47.023 47.023 -9999 -9999
