ncols         16
nrows         48
xllcorner     3800.000000
yllcorner     0.000000
cellsize      200
NODATA_value  -9999
0 0 0 0 0 0 0 0 0 0 0 0 0 0 0 0
0 0 0 0 0 0 0 0 0 0 0 0 0 0 0 0
0 0 0 0 0 0 0 0 0 0 0 0 0 0 0 0
0 0 0 0 0 0 0 0 0 0 0 0 0 0 0 0
0 0 0 0 0 3.1174 0 0 0 0 0 0 0 0 0 0
0 0 0 0 0 2.9355 0 0 0 0 0 0 0 0 0 0
0 0 0 0 0 2.7686 0 0 0 0 3.1217 0 0 0 0 0
0 0 0 0 0 2.6264 0 0 0 0 2.9679 0 0 0 0 0
0 0 0 0 0 2.5076 0 0 0 0 2.8249 0 0 0 0 0
0 0 0 0 0 2.394 0 0 0 0 2.6899 0 0 0 0 0
0 0 0 0 0 2.2856 0 0 0 0 2.5612 0 0 0 0 0
0 0 0 0 0 2.183 0 0 0 0 2.438 0 0 0 0 0
0 0 0 0 0 2.0839 0 0 0 0 2.3205 0 0 0 0 0
0 0 0 0 0 1.9885 0 0 0 0 2.2082 0 0 0 0 0
0 0 0 0 0 1.8968 0 0 0 0 2.1004 0 0 0 0 0
0 0 0 0 0 1.8079 0 0 0 0 1.9963 0 0 0 0 0
0 0 0 0 0 1.7213 0 0 0 0 1.896 0 0 0 0 0
0 0 0 0 0 1.6369 0 0 0 0 1.7989 0 0 0 0 0
0 0 0 0 0 1.5545 0 0 0 0 1.7044 0 0 0 0 0
0 0 0 0 0 1.474 0 0 0 0 1.6119 0 0 0 0 0
0 0 0 0 0 1.3948 0 0 0 1.4855 0 0 0 0 0 0
0 0 0 0 0 1.3168 0 0 1.3642 0 0 0 0 0 0 0
0 0 0 0 0 1.2399 0 1.2451 0 0 0 0 0 0 0 0
0 0 0 0 0 0 1.1459 0 0 0 0 0 0 0 0 0
0 0 0 0 0 0 1.0907 0 0 0 0 0 0 0 0 0
0 0 0 0 0 0 1.0369 0 0 0 0 0 0 0 0 0
0 0 0 0 0 0 0.98406 0 0 0 0 0 0 0 0 0
0 0 0 0 0 0 0.93232 0 0 0 0 0 0 0 0 0
0 0 0 0 0 0 0.88105 0 0 0 0 0 0 0 0 0
0 0 0 0 0 0 0.83041 0 0 0 0 0 0 0 0 0
0 0 0 0 0 0 0.78041 0 0 0 0 0 0 0 0 0
0 0 0 0 0 0 0.73102 0 0 0 0 0 0 0 0 0
0 0 0 0 0 0 0.68222 0 0 0 0 0 0 0 0 0
0 0 0 0 0 0 0.63399 0 0 0 0 0 0 0 0 0
0 0 0 0 0 0 0.58632 0 0 0 0 0 0 0 0 0
0 0 0 0 0 0 0.53917 0 0 0 0 0 0 0 0 0
0 0 0 0 0 0 0.49252 0 0 0 0 0 0 0 0 0
0 0 0 0 0 0 0.44634 0 0 0 0 0 0 0 0 0
0 0 0 0 0 0 0.40058 0 0 0 0 0 0 0 0 0
0 0 0 0 0 0 0.35515 0 0 0 0 0 0 0 0 0
0 0 0 0 0 0 0.31002 0 0 0 0 0 0 0 0 0
0 0 0 0 0 0 0.26514 0 0 0 0 0 0 0 0 0
0 0 0 0 0 0 0.22049 0 0 0 0 0 0 0 0 0
0 0 0 0 0 0 0.17605 0 0 0 0 0 0 0 0 0
0 0 0 0 0 0 0.13183 0 0 0 0 0 0 0 0 0
0 0 0 0 0 0 0.087791 0 0 0 0 0 0 0 0 0
0 0 0 0 0 0 0.043832 0 0 0 0 0 0 0 0 0
0 0 0 0 0 0 0 0 0 0 0 0 0 0 0 0
