ncols         5
nrows         12
xllcorner     11600.000000
yllcorner     0.000000
cellsize      200
NODATA_value  -9999
-9999 42.455 42.455 -9999 -9999
-9999 42.455 42.455 -9999 -9999
-9999 42.455 42.455 42.455 -9999
42.455 42.455 42.455 42.455 -9999
42.455 42.455 42.455 42.455 -9999
42.455 42.455 42.455 42.455 -9999
42.455 42.455 42.455 42.455 -9999
42.455 42.455 42.455 42.455 -9999
-9999 42.455 42.455 42.455 -9999
-9999 42.455 42.455 42.455 42.455
-9999 -9999 42.455 42.455 42.455
-9999 -9999 42.455 42.455 42.455
