ncols         5
nrows         13
xllcorner     2000.000000
yllcorner     0.000000
cellsize      200
NODATA_value  -9999
30.978 30.978 30.978 30.978 -9999
33.238 33.238 33.238 33.238 -9999
35.301 35.301 35.301 35.301 -9999
37.175 37.175 37.175 37.175 -9999
38.905 38.905 38.905 38.905 -9999
35.587 35.587 35.587 35.587 -9999
33.577 33.577 33.577 33.577 33.577
32.173 32.173 32.173 32.173 32.173
31.141 31.141 31.141 31.141 31.141
-9999 28.885 28.885 28.885 -9999
-9999 26.826 26.826 26.826 -9999
-9999 -9999 24.955 -9999 -9999
-9999 -9999 23.261 -9999 -9999
