ncols         5
nrows         13
xllcorner     2000.000000
yllcorner     0.000000
cellsize      200
NODATA_value  -9999
45.084 35.228 28.183 37.985 -32768
40.151 30.218 23.129 33.042 -32768
36.578 26.638 19.552 29.48 -32768
33.664 23.718 16.634 26.575 -32768
31.142 21.191 14.107 24.06 -32768
28.886 18.93 11.846 21.793 -32768
26.827 16.867 9.7828 16.879 26.756
24.956 14.993 7.9092 14.993 24.896
23.261 13.275 6.1789 13.275 23.193
-32768 14.534 4.5636 14.533 -32768
-32768 12.928 3.0013 12.928 -32768
-32768 -32768 1.4919 -32768 -32768
-32768 -32768 0.0009126 -32768 -32768
