ncols         5
nrows         13
xllcorner     6200.000000
yllcorner     0.000000
cellsize      200
NODATA_value  -9999
-9999 27.931 -9999 -9999 -9999
30.458 30.458 30.458 -9999 -9999
32.718 32.718 32.718 -9999 -9999
34.781 34.781 34.781 -9999 -9999
36.691 36.691 36.691 36.691 -9999
38.478 38.478 38.478 38.478 -9999
35.712 35.712 35.712 35.712 -9999
30.913 30.913 30.913 30.913 -9999
32.531 32.531 32.531 32.531 -9999
-9999 30.014 30.014 30.014 -9999
-9999 27.741 27.741 27.741 -9999
-9999 25.67 25.67 25.67 25.67
-9999 23.77 23.77 23.77 23.77
