ncols         7
nrows         19
xllcorner     16600.000000
yllcorner     0.000000
cellsize      200
NODATA_value  -9999
-32768 -32768 -32768 38.817 48.676 -32768 -32768
-32768 -32768 41.639 31.738 41.652 -32768 -32768
-32768 -32768 37.127 27.203 34.305 -32768 -32768
-32768 -32768 33.789 23.832 30.918 40.856 -32768
-32768 38.034 28.12 21.028 28.113 38.063 -32768
41.495 31.56 24.437 18.649 25.734 35.694 -32768
-32768 33.637 23.669 16.591 23.669 33.612 -32768
-32768 31.77 21.801 14.717 20.5 27.604 37.511
-32768 30.05 20.097 13.013 18.791 25.877 35.807
-32768 28.464 18.523 11.439 17.222 24.328 34.333
-32768 26.983 17.052 9.9685 17.046 27.012 -32768
-32768 25.577 15.653 8.5694 15.653 25.617 -32768
-32768 24.262 14.329 7.2331 14.316 24.263 -32768
-32768 -32768 15.932 5.952 13.035 22.968 -32768
-32768 -32768 14.701 4.7079 11.804 21.74 -32768
-32768 -32768 13.494 3.5 13.476 -32768 -32768
-32768 -32768 12.248 2.315 12.248 -32768 -32768
-32768 -32768 9.8726 1.1535 -32768 -32768 -32768
-32768 -32768 0.00062076 0.00037599 -32768 -32768 -32768
