ncols         5
nrows         13
xllcorner     2000.000000
yllcorner     0.000000
cellsize      200
NODATA_value  -9999
45.083 45.083 45.083 45.083 -9999
45.083 45.083 45.083 45.083 -9999
45.083 45.083 45.083 45.083 -9999
45.083 45.083 45.083 45.083 -9999
45.083 45.083 45.083 45.083 -9999
45.083 45.083 45.083 45.083 -9999
45.083 45.083 45.083 45.083 45.083
45.083 45.083 45.083 45.083 45.083
45.083 45.083 45.083 45.083 45.083
-9999 45.083 45.083 45.083 -9999
-9999 45.083 45.083 45.083 -9999
-9999 -9999 45.083 -9999 -9999
-9999 -9999 45.083 -9999 -9999
