ncols         5
nrows         13
xllcorner     6200.000000
yllcorner     0.000000
cellsize      200
NODATA_value  -9999
-32768 43.352 -32768 -32768 -32768
43.451 33.592 26.485 -32768 -32768
38.974 29.07 21.988 -32768 -32768
31.34 24.218 18.428 -32768 -32768
32.532 22.599 15.52 25.376 -32768
30.014 20.077 12.993 22.884 -32768
27.741 17.816 10.733 20.633 -32768
25.67 15.753 8.6697 18.577 -32768
23.77 13.856 6.7596 16.674 -32768
-32768 14.94 4.9731 14.893 -32768
-32768 13.186 3.2617 13.177 -32768
-32768 9.8815 1.6191 9.9061 9.8908
-32768 0.00088162 0.00017405 0.00040296 0.00083213
