ncols         10
nrows         48
xllcorner     10200.000000
yllcorner     0.000000
cellsize      200
NODATA_value  -9999
0 0 0 0 0 0 0 0 0 0
0 0 0 0 0 0 0 0 0 0
0 0 0 0 0 0 0 0 0 0
0 0 0 0 0 0 0 0 0 0
0 0 0 0 3.3536 0 0 0 0 0
0 0 0 0 3.2035 0 0 0 0 0
0 0 0 0 3.0684 0 0 0 0 0
0 0 0 0 2.9422 0 0 0 0 0
0 0 0 0 2.8234 0 0 0 0 0
0 0 0 0 2.7108 0 0 0 0 0
0 0 0 0 2.6032 0 0 0 0 0
0 0 0 0 2.5 0 0 0 0 0
0 0 0 0 2.4009 0 0 0 0 0
0 0 0 0 2.3055 0 0 0 0 0
0 0 0 0 2.2134 0 0 0 0 0
0 0 0 0 2.1243 0 0 0 0 0
0 0 0 0 2.0379 0 0 0 0 0
0 0 0 0 1.9539 0 0 0 0 0
0 0 0 0 1.8721 0 0 0 0 0
0 0 0 0 1.7922 0 0 0 0 0
0 0 0 0 1.7139 0 0 0 0 0
0 0 0 0 1.6374 0 0 0 0 0
0 0 0 0 1.5623 0 0 0 0 0
0 0 0 0 1.4887 0 0 0 0 0
0 0 0 0 1.4164 0 0 0 0 0
0 0 0 0 1.3454 0 0 0 0 0
0 0 0 0 1.2756 0 0 0 0 0
0 0 0 0 1.2071 0 0 0 0 0
0 0 0 0 1.1398 0 0 0 0 0
0 0 0 0 1.0737 0 0 0 0 0
0 0 0 0 1.0086 0 0 0 0 0
0 0 0 0 0.94429 0 0 0 0 0
0 0 0 0.85465 0 0 0 0 0 0
0 0 0 0.79268 0 0 0 0 0 0
0 0 0 0.73193 0 0 0 0 0 0
0 0 0 0.67206 0 0 0 0 0 0
0 0 0 0.61297 0 0 0 0 0 0
0 0 0 0.55465 0 0 0 0 0 0
0 0 0 0.49701 0 0 0 0 0 0
0 0 0 0.43993 0 0 0 0 0 0
0 0 0 0.38341 0 0 0 0 0 0
0 0 0 0.32741 0 0 0 0 0 0
0 0 0 0.27194 0 0 0 0 0 0
0 0 0 0.21698 0 0 0 0 0 0
0 0 0 0.16242 0 0 0 0 0 0
0 0 0 0.10815 0 0 0 0 0 0
0 0 0 0.054034 0 0 0 0 0 0
0 0 0 0 0 0 0 0 0 0
