ncols         7
nrows         19
xllcorner     16600.000000
yllcorner     0.000000
cellsize      200
NODATA_value  -9999
-9999 -9999 -9999 41.443 41.443 -9999 -9999
-9999 -9999 42.724 42.724 42.724 -9999 -9999
-9999 -9999 43.968 43.968 43.968 -9999 -9999
-9999 -9999 45.176 45.176 45.176 45.176 -9999
-9999 46.361 46.361 46.361 46.361 46.361 -9999
47.523 47.523 47.523 47.523 47.523 47.523 -9999
-9999 48.676 48.676 48.676 48.676 48.676 -9999
-9999 48.676 48.676 48.676 48.676 48.676 48.676
-9999 48.676 48.676 48.676 48.676 48.676 48.676
-9999 48.676 48.676 48.676 48.676 48.676 48.676
-9999 48.676 48.676 48.676 48.676 48.676 -9999
-9999 48.676 48.676 48.676 48.676 48.676 -9999
-9999 48.676 48.676 48.676 48.676 48.676 -9999
-9999 -9999 41.652 41.652 41.652 41.652 -9999
-9999 -9999 41.495 41.495 41.495 41.495 -9999
-9999 -9999 41.495 41.495 41.495 -9999 -9999
-9999 -9999 41.495 41.495 41.495 -9999 -9999
-9999 -9999 41.495 41.495 -9999 -9999 -9999
-9999 -9999 37.51 37.51 -9999 -9999 -9999
