ncols         11
nrows         48
xllcorner     11800.000000
yllcorner     0.000000
cellsize      200
NODATA_value  -9999
0 0 0 0 0 0 0 0 0 0 0
0 0 0 0 0 0 0 0 0 0 0
0 0 0 0 0 0 0 0 0 0 0
0 0 0 0 0 3.5366 0 0 0 0 0
0 0 0 0 0 3.3554 0 0 0 0 0
0 0 0 0 0 3.1924 0 0 0 0 0
0 0 0 0 0 3.0499 0 0 0 0 0
0 0 0 0 0 2.9183 0 0 0 0 0
0 0 0 0 0 2.7942 0 0 0 0 0
0 0 0 0 0 2.6754 0 0 0 0 0
0 0 0 0 0 2.5646 0 0 0 0 0
0 0 0 0 0 2.4609 0 0 0 0 0
0 0 0 0 0 2.3608 0 0 0 0 0
0 0 0 0 0 2.2645 0 0 0 0 0
0 0 0 0 0 2.1718 0 0 0 0 0
0 0 0 0 0 2.0825 0 0 0 0 0
0 0 0 0 0 1.9961 0 0 0 0 0
0 0 0 0 0 1.912 0 0 0 0 0
0 0 0 0 0 1.8297 0 0 0 0 0
0 0 0 0 0 1.7487 0 0 0 0 0
0 0 0 0 1.6381 0 0 0 0 0 0
0 0 0 0 1.5635 0 0 0 0 0 0
0 0 0 0 1.4912 0 0 0 0 0 0
0 0 0 0 1.4205 0 0 0 0 0 0
0 0 0 0 1.351 0 0 0 0 0 0
0 0 0 0 1.2823 0 0 0 0 0 0
0 0 0 0 0 1.1877 0 0 0 0 0
0 0 0 0 0 1.1234 0 0 0 0 0
0 0 0 0 0 1.0606 0 0 0 0 0
0 0 0 0 0 0.99885 0 0 0 0 0
0 0 0 0 0 0.9381 0 0 0 0 0
0 0 0 0 0 0.87823 0 0 0 0 0
0 0 0 0 0 0.8192 0 0 0 0 0
0 0 0 0 0 0.76097 0 0 0 0 0
0 0 0 0 0 0.70352 0 0 0 0 0
0 0 0 0 0 0.64676 0 0 0 0 0
0 0 0 0 0 0.5906 0 0 0 0 0
0 0 0 0 0 0.53495 0 0 0 0 0
0 0 0 0 0 0.47978 0 0 0 0 0
0 0 0 0 0 0.42502 0 0 0 0 0
0 0 0 0 0 0.37067 0 0 0 0 0
0 0 0 0 0 0.31671 0 0 0 0 0
0 0 0 0 0 0.26314 0 0 0 0 0
0 0 0 0 0 0.20995 0 0 0 0 0
0 0 0 0 0 0.15714 0 0 0 0 0
0 0 0 0 0 0.10461 0 0 0 0 0
0 0 0 0 0 0.052235 0 0 0 0 0
0 0 0 0 0 0 0 0 0 0 0
