ncols         6
nrows         19
xllcorner     13400.000000
yllcorner     0.000000
cellsize      200
NODATA_value  -9999
-9999 -9999 40.059 -9999 -9999 -9999
-9999 41.309 41.309 41.309 41.309 -9999
-9999 42.515 42.515 42.515 42.515 -9999
-9999 43.68 43.68 43.68 43.68 -9999
-9999 44.807 44.807 44.807 44.807 -9999
-9999 45.919 45.919 45.919 45.919 -9999
47.023 47.023 47.023 47.023 47.023 47.023
47.023 47.023 47.023 47.023 47.023 47.023
47.023 47.023 47.023 47.023 47.023 47.023
47.023 47.023 47.023 47.023 47.023 47.023
47.023 47.023 47.023 47.023 47.023 47.023
47.023 47.023 47.023 47.023 47.023 47.023
47.023 47.023 47.023 47.023 47.023 47.023
47.023 47.023 47.023 47.023 47.023 -9999
43.31 43.31 43.31 43.31 43.31 -9999
40.276 40.276 40.276 40.276 40.276 -9999
-9999 39.002 39.002 39.002 -9999 -9999
-9999 39.002 39.002 39.002 -9999 -9999
-9999 39.002 39.002 39.002 -9999 -9999
