ncols         17
nrows         48
xllcorner     6400.000000
yllcorner     0.000000
cellsize      200
NODATA_value  -9999
-32768 64.594 54.63 49.599 52.653 50.708 48.926 47.265 45.706 44.205 39.224 41.479 39.963 43.315 47.115 54.218 64.211
-32768 62.424 52.552 45.481 45.591 43.624 41.841 40.181 38.622 37.136 32.108 34.413 36.925 41.942 47.734 54.848 64.814
64.911 55.087 47.941 42.131 39.821 37.846 36.063 34.403 32.845 31.372 29.96 34.429 39.42 45.183 52.242 62.161 -32768
-32768 61.946 52.044 46.234 45.599 44.936 46.042 44.348 42.74 38.708 28.83 33.304 38.311 44.099 51.206 61.124 -32768
-32768 -32768 61.948 53.353 52.695 54.88 55.521 45.667 38.578 32.766 27.742 32.742 38.516 45.589 55.524 -32768 -32768
-32768 -32768 -32768 63.296 62.555 57.474 52.483 48.335 43.711 33.784 26.709 31.727 37.512 44.604 54.558 -32768 -32768
-32768 -32768 -32768 64.585 54.663 47.554 42.522 38.419 42.705 32.795 25.712 35.597 38.409 45.463 55.337 -32768 -32768
-32768 -32768 -32768 62.651 52.738 45.637 39.854 34.851 41.708 31.813 24.73 28.529 32.645 39.784 49.756 -32768 -32768
-32768 -32768 62.462 55.516 54.788 44.92 37.846 32.055 40.747 30.891 23.795 29.566 36.628 46.551 -32768 -32768 -32768
-32768 -32768 53.42 45.495 44.996 42.163 39.489 29.608 35.572 32.818 22.883 28.675 35.78 45.748 -32768 -32768 -32768
-32768 53.399 43.457 38.379 35.013 32.209 29.677 27.29 25.658 31.832 21.987 31.909 39.616 45.488 -32768 -32768 -32768
-32768 -32768 53.374 45.482 42.111 42.188 39.609 33.996 24.061 22.573 21.098 25.201 29.715 35.567 45.494 -32768 -32768
-32768 -32768 -32768 55.44 52.09 51.796 41.915 34.842 29.067 30.202 20.359 26.13 33.195 43.1 -32768 -32768 -32768
-32768 -32768 -32768 -32768 -32768 51.989 42.007 34.903 29.118 24.114 19.624 25.402 32.486 42.437 -32768 -32768 -32768
-32768 -32768 -32768 -32768 -32768 -32768 46.715 36.756 29.683 23.909 18.909 24.687 31.771 41.72 -32768 -32768 -32768
-32768 -32768 -32768 -32768 -32768 -32768 46.033 36.072 28.988 23.209 18.208 23.985 31.069 41.015 -32768 -32768 -32768
-32768 -32768 -32768 -32768 -32768 -32768 45.33 35.384 28.3 22.521 17.519 23.297 30.381 40.325 -32768 -32768 -32768
-32768 -32768 -32768 -32768 -32768 -32768 44.7 34.739 27.634 21.848 16.844 22.621 29.705 39.646 -32768 -32768 -32768
-32768 -32768 -32768 -32768 -32768 -32768 -32768 38.996 29.03 21.955 16.18 21.958 29.041 38.98 -32768 -32768 -32768
-32768 -32768 -32768 -32768 -32768 -32768 -32768 38.375 28.387 21.303 15.526 21.303 28.387 38.324 -32768 -32768 -32768
-32768 -32768 -32768 -32768 -32768 -32768 -32768 37.723 27.743 20.659 14.881 20.659 27.742 37.677 -32768 -32768 -32768
-32768 -32768 -32768 -32768 -32768 -32768 -32768 37.127 27.135 20.038 14.245 20.038 27.135 37.086 -32768 -32768 -32768
-32768 -32768 -32768 -32768 -32768 -32768 -32768 39.466 29.575 23.533 13.619 23.533 29.575 39.429 -32768 -32768 -32768
-32768 -32768 -32768 -32768 -32768 -32768 -32768 32.571 22.53 17.484 12.991 17.484 22.53 32.538 -32768 -32768 -32768
-32768 -32768 -32768 -32768 -32768 -32768 -32768 35.162 25.224 18.154 12.382 18.154 25.224 35.132 -32768 -32768 -32768
-32768 -32768 -32768 -32768 -32768 -32768 -32768 34.593 24.64 17.556 11.779 17.556 24.64 34.565 -32768 -32768 -32768
-32768 -32768 -32768 -32768 -32768 -32768 -32768 33.994 24.044 16.961 11.183 16.961 24.044 33.969 -32768 -32768 -32768
-32768 -32768 -32768 -32768 -32768 -32768 -32768 33.401 23.456 16.372 10.595 16.372 23.456 33.379 -32768 -32768 -32768
-32768 -32768 -32768 -32768 -32768 -32768 -32768 32.816 22.875 15.791 10.013 15.791 22.874 32.796 -32768 -32768 -32768
-32768 -32768 -32768 -32768 -32768 -32768 -32768 32.238 22.3 15.216 9.4382 15.216 22.3 32.22 -32768 -32768 -32768
-32768 -32768 -32768 -32768 -32768 -32768 -32768 31.667 21.731 14.647 8.8698 14.647 21.731 31.65 -32768 -32768 -32768
-32768 -32768 -32768 -32768 -32768 -32768 -32768 31.102 21.169 14.085 8.3076 14.085 21.169 31.086 -32768 -32768 -32768
-32768 -32768 -32768 -32768 -32768 -32768 -32768 30.543 20.613 13.529 7.7515 13.529 20.613 30.529 -32768 -32768 -32768
-32768 -32768 -32768 -32768 -32768 -32768 -32768 29.991 20.063 12.979 7.2012 12.979 20.062 29.977 -32768 -32768 -32768
-32768 -32768 -32768 -32768 -32768 -32768 -32768 29.444 19.518 12.434 6.6565 12.434 19.518 29.432 -32768 -32768 -32768
-32768 -32768 -32768 -32768 -32768 -32768 -32768 28.902 18.979 11.895 6.1174 11.895 18.979 28.891 -32768 -32768 -32768
-32768 -32768 -32768 -32768 -32768 -32768 -32768 28.366 18.445 11.361 5.5835 11.361 18.445 28.356 -32768 -32768 -32768
-32768 -32768 -32768 -32768 -32768 -32768 -32768 27.836 17.916 10.832 5.0549 10.832 17.916 27.827 -32768 -32768 -32768
-32768 -32768 -32768 -32768 -32768 -32768 -32768 27.31 17.393 10.309 4.5313 10.309 17.393 27.302 -32768 -32768 -32768
-32768 -32768 -32768 -32768 -32768 -32768 -32768 26.789 16.874 9.7901 4.0125 9.7901 16.874 26.782 -32768 -32768 -32768
-32768 -32768 -32768 -32768 -32768 -32768 -32768 26.273 16.36 9.2761 3.4985 9.2761 16.36 26.267 -32768 -32768 -32768
-32768 -32768 -32768 -32768 -32768 -32768 -32768 25.762 15.851 8.7667 2.9891 8.7667 15.85 25.757 -32768 -32768 -32768
-32768 -32768 -32768 -32768 -32768 -32768 -32768 25.283 15.369 8.2666 2.4843 8.2619 15.346 25.252 -32768 -32768 -32768
-32768 -32768 -32768 -32768 -32768 -32768 -32768 -32768 19.014 9.0613 1.9838 7.7765 14.87 24.787 -32768 -32768 -32768
-32768 -32768 -32768 -32768 -32768 -32768 -32768 -32768 18.505 8.5823 1.4869 11.429 -32768 -32768 -32768 -32768 -32768
-32768 -32768 -32768 -32768 -32768 -32768 -32768 -32768 -32768 10.953 0.99094 10.915 -32768 -32768 -32768 -32768 -32768
-32768 -32768 -32768 -32768 -32768 -32768 -32768 -32768 -32768 9.8858 0.49568 -32768 -32768 -32768 -32768 -32768 -32768
-32768 -32768 -32768 -32768 -32768 -32768 -32768 -32768 -32768 0.00030045 0.00024536 -32768 -32768 -32768 -32768 -32768 -32768
