ncols         17
nrows         48
xllcorner     6400.000000
yllcorner     0.000000
cellsize      200
NODATA_value  -9999
0 0 0 0 0 0 0 0 0 0 0 0 0 0 0 0 0
0 0 0 0 0 0 0 0 0 0 0 0 0 0 0 0 0
0 0 0 0 0 3.8662 3.6769 3.4999 3.333 3.1728 0 0 0 0 0 0 0
0 0 0 0 0 0 0 0 0 0 2.9753 0 0 0 0 0 0
0 0 0 0 0 0 0 0 0 0 2.8577 0 0 0 0 0 0
0 0 0 0 0 0 0 0 0 0 2.7461 0 0 0 0 0 0
0 0 0 0 0 0 0 0 0 0 2.6383 0 0 0 0 0 0
0 0 0 0 0 0 0 0 0 0 2.5345 0 0 0 0 0 0
0 0 0 0 0 0 0 0 0 0 2.4349 0 0 0 0 0 0
0 0 0 0 0 0 0 0 0 0 2.338 0 0 0 0 0 0
0 0 0 0 0 0 0 0 0 0 2.2429 0 0 0 0 0 0
0 0 0 0 0 0 0 0 2.3902 2.2207 2.1498 0 0 0 0 0 0
0 0 0 0 0 0 0 0 0 0 2.0659 0 0 0 0 0 0
0 0 0 0 0 0 0 0 0 0 1.9909 0 0 0 0 0 0
0 0 0 0 0 0 0 0 0 0 1.9175 0 0 0 0 0 0
0 0 0 0 0 0 0 0 0 0 1.8457 0 0 0 0 0 0
0 0 0 0 0 0 0 0 0 0 1.7753 0 0 0 0 0 0
0 0 0 0 0 0 0 0 0 0 1.7063 0 0 0 0 0 0
0 0 0 0 0 0 0 0 0 0 1.6385 0 0 0 0 0 0
0 0 0 0 0 0 0 0 0 0 1.5718 0 0 0 0 0 0
0 0 0 0 0 0 0 0 0 0 1.506 0 0 0 0 0 0
0 0 0 0 0 0 0 0 0 0 1.4413 0 0 0 0 0 0
0 0 0 0 0 0 0 0 0 0 1.3772 0 0 0 0 0 0
0 0 0 0 0 0 0 0 0 0 1.314 0 0 0 0 0 0
0 0 0 0 0 0 0 0 0 0 1.2519 0 0 0 0 0 0
0 0 0 0 0 0 0 0 0 0 1.1907 0 0 0 0 0 0
0 0 0 0 0 0 0 0 0 0 1.1302 0 0 0 0 0 0
0 0 0 0 0 0 0 0 0 0 1.0705 0 0 0 0 0 0
0 0 0 0 0 0 0 0 0 0 1.0115 0 0 0 0 0 0
0 0 0 0 0 0 0 0 0 0 0.95322 0 0 0 0 0 0
0 0 0 0 0 0 0 0 0 0 0.89563 0 0 0 0 0 0
0 0 0 0 0 0 0 0 0 0 0.83869 0 0 0 0 0 0
0 0 0 0 0 0 0 0 0 0 0.78239 0 0 0 0 0 0
0 0 0 0 0 0 0 0 0 0 0.72671 0 0 0 0 0 0
0 0 0 0 0 0 0 0 0 0 0.67161 0 0 0 0 0 0
0 0 0 0 0 0 0 0 0 0 0.6171 0 0 0 0 0 0
0 0 0 0 0 0 0 0 0 0 0.56314 0 0 0 0 0 0
0 0 0 0 0 0 0 0 0 0 0.50972 0 0 0 0 0 0
0 0 0 0 0 0 0 0 0 0 0.45683 0 0 0 0 0 0
0 0 0 0 0 0 0 0 0 0 0.40445 0 0 0 0 0 0
0 0 0 0 0 0 0 0 0 0 0.35257 0 0 0 0 0 0
0 0 0 0 0 0 0 0 0 0 0.30117 0 0 0 0 0 0
0 0 0 0 0 0 0 0 0 0 0.25023 0 0 0 0 0 0
0 0 0 0 0 0 0 0 0 0 0.19972 0 0 0 0 0 0
0 0 0 0 0 0 0 0 0 0 0.14953 0 0 0 0 0 0
0 0 0 0 0 0 0 0 0 0 0.099566 0 0 0 0 0 0
0 0 0 0 0 0 0 0 0 0 0.049721 0 0 0 0 0 0
0 0 0 0 0 0 0 0 0 0 0 0 0 0 0 0 0
