ncols         5
nrows         19
xllcorner     1000.000000
yllcorner     0.000000
cellsize      200
NODATA_value  -9999
-9999 -9999 42.365 -9999 -9999
-9999 43.703 43.703 43.703 -9999
-9999 44.985 44.985 44.985 -9999
46.241 46.241 46.241 46.241 -9999
47.469 47.469 47.469 47.469 -9999
48.671 48.671 48.671 48.671 48.671
49.863 49.863 49.863 49.863 49.863
49.863 49.863 49.863 49.863 49.863
49.863 49.863 49.863 49.863 49.863
49.863 49.863 49.863 49.863 49.863
49.863 49.863 49.863 49.863 49.863
49.863 49.863 49.863 49.863 49.863
49.863 49.863 49.863 49.863 49.863
49.863 49.863 49.863 49.863 49.863
45.414 45.414 45.414 -9999 -9999
42.272 42.272 42.272 -9999 -9999
42.272 42.272 42.272 -9999 -9999
-9999 42.272 -9999 -9999 -9999
-9999 40.151 -9999 -9999 -9999
