ncols         7
nrows         19
xllcorner     16600.000000
yllcorner     0.000000
cellsize      200
NODATA_value  -9999
-9999 -9999 -9999 48.676 48.676 -9999 -9999
-9999 -9999 48.676 48.676 48.676 -9999 -9999
-9999 -9999 48.676 48.676 48.676 -9999 -9999
-9999 -9999 48.676 48.676 48.676 48.676 -9999
-9999 48.676 48.676 48.676 48.676 48.676 -9999
48.676 48.676 48.676 48.676 48.676 48.676 -9999
-9999 48.676 48.676 48.676 48.676 48.676 -9999
-9999 48.676 48.676 48.676 48.676 48.676 48.676
-9999 48.676 48.676 48.676 48.676 48.676 48.676
-9999 48.676 48.676 48.676 48.676 48.676 48.676
-9999 48.676 48.676 48.676 48.676 48.676 -9999
-9999 48.676 48.676 48.676 48.676 48.676 -9999
-9999 48.676 48.676 48.676 48.676 48.676 -9999
-9999 -9999 48.676 48.676 48.676 48.676 -9999
-9999 -9999 48.676 48.676 48.676 48.676 -9999
-9999 -9999 48.676 48.676 48.676 -9999 -9999
-9999 -9999 48.676 48.676 48.676 -9999 -9999
-9999 -9999 48.676 48.676 -9999 -9999 -9999
-9999 -9999 48.676 48.676 -9999 -9999 -9999
