ncols         7
nrows         19
xllcorner     16600.000000
yllcorner     0.000000
cellsize      200
NODATA_value  -9999
-9999 -9999 -9999 27.649 27.649 -9999 -9999
-9999 -9999 30.027 30.027 30.027 -9999 -9999
-9999 -9999 32.085 32.085 32.085 -9999 -9999
-9999 -9999 33.959 33.959 33.959 33.959 -9999
-9999 35.663 35.663 35.663 35.663 35.663 -9999
30.213 30.213 30.213 30.213 30.213 30.213 -9999
-9999 31.527 31.527 31.527 31.527 30.888 -9999
-9999 32.926 32.926 32.926 32.926 32.287 32.287
-9999 34.262 34.262 34.262 34.262 30.83 30.83
-9999 35.543 35.543 35.543 35.543 31.559 31.559
-9999 28.93 32.803 32.803 32.803 32.803 -9999
-9999 28.27 34.011 34.011 34.011 34.011 -9999
-9999 27.735 33.492 33.492 33.492 33.492 -9999
-9999 -9999 33.18 33.18 33.18 33.18 -9999
-9999 -9999 27.011 27.011 27.011 27.011 -9999
-9999 -9999 25.616 25.616 25.616 -9999 -9999
-9999 -9999 24.262 24.262 24.262 -9999 -9999
-9999 -9999 22.968 22.968 -9999 -9999 -9999
-9999 -9999 21.74 21.74 -9999 -9999 -9999
