ncols         17
nrows         48
xllcorner     6400.000000
yllcorner     0.000000
cellsize      200
NODATA_value  -9999
-9999 51.292 51.92 51.92 52.529 52.529 52.529 52.529 52.529 52.529 52.529 52.529 52.529 52.529 52.529 52.529 52.529
-9999 51.92 52.529 52.529 53.132 53.132 53.132 53.132 53.132 53.132 53.132 53.132 53.132 53.132 53.132 53.132 53.132
52.529 52.529 53.132 53.132 53.728 53.728 53.728 53.728 53.728 53.728 53.728 53.728 53.728 53.728 53.728 53.728 -9999
-9999 53.132 53.728 53.728 54.316 54.316 54.316 54.316 54.316 54.316 54.316 54.316 54.316 54.316 54.316 54.316 -9999
-9999 -9999 54.316 54.316 54.898 54.898 54.898 54.898 54.898 54.898 54.898 54.898 54.898 54.898 54.898 -9999 -9999
-9999 -9999 -9999 54.898 55.473 55.473 55.473 55.473 55.473 55.473 55.473 55.473 55.473 55.473 55.473 -9999 -9999
-9999 -9999 -9999 55.473 56.041 56.041 56.041 56.041 56.041 56.041 56.041 56.041 56.041 56.041 56.041 -9999 -9999
-9999 -9999 -9999 56.041 56.603 56.603 56.603 56.603 56.603 56.603 56.603 56.603 56.603 56.603 56.603 -9999 -9999
-9999 -9999 56.603 56.603 57.159 57.159 57.159 57.159 57.159 57.159 57.159 57.159 57.159 57.159 -9999 -9999 -9999
-9999 -9999 57.159 57.159 57.71 57.71 57.71 57.71 57.71 57.71 57.71 57.71 57.71 57.71 -9999 -9999 -9999
-9999 57.159 57.71 57.71 58.254 58.254 58.254 58.254 58.254 58.254 58.254 58.254 58.254 58.254 -9999 -9999 -9999
-9999 -9999 58.254 58.254 58.793 58.793 58.793 58.793 58.793 58.793 58.793 58.793 58.793 58.793 58.793 -9999 -9999
-9999 -9999 -9999 58.793 59.327 59.327 59.327 59.327 59.327 59.327 59.327 59.327 59.327 59.327 -9999 -9999 -9999
-9999 -9999 -9999 -9999 -9999 59.856 59.856 59.856 59.856 59.856 59.856 59.856 59.856 59.856 -9999 -9999 -9999
-9999 -9999 -9999 -9999 -9999 -9999 60.38 60.38 60.38 60.38 60.38 60.38 60.38 60.38 -9999 -9999 -9999
-9999 -9999 -9999 -9999 -9999 -9999 60.898 60.898 60.898 60.898 60.898 60.898 60.898 60.898 -9999 -9999 -9999
-9999 -9999 -9999 -9999 -9999 -9999 61.412 61.412 61.412 61.412 61.412 61.412 61.412 61.412 -9999 -9999 -9999
-9999 -9999 -9999 -9999 -9999 -9999 61.922 61.922 61.922 61.922 61.922 61.922 61.922 61.922 -9999 -9999 -9999
-9999 -9999 -9999 -9999 -9999 -9999 -9999 62.427 62.427 62.427 62.427 62.427 62.427 62.427 -9999 -9999 -9999
-9999 -9999 -9999 -9999 -9999 -9999 -9999 62.927 62.927 62.927 62.927 62.927 62.927 62.927 -9999 -9999 -9999
-9999 -9999 -9999 -9999 -9999 -9999 -9999 63.424 63.424 63.424 63.424 63.424 63.424 63.424 -9999 -9999 -9999
-9999 -9999 -9999 -9999 -9999 -9999 -9999 63.92 63.92 63.92 63.92 63.92 63.92 63.92 -9999 -9999 -9999
-9999 -9999 -9999 -9999 -9999 -9999 -9999 64.415 64.415 64.415 64.415 64.415 64.415 64.415 -9999 -9999 -9999
-9999 -9999 -9999 -9999 -9999 -9999 -9999 64.911 64.911 64.911 64.911 64.911 64.911 64.814 -9999 -9999 -9999
-9999 -9999 -9999 -9999 -9999 -9999 -9999 64.911 64.911 64.911 64.911 64.814 64.814 64.814 -9999 -9999 -9999
-9999 -9999 -9999 -9999 -9999 -9999 -9999 64.911 64.911 64.585 64.814 64.814 64.814 64.814 -9999 -9999 -9999
-9999 -9999 -9999 -9999 -9999 -9999 -9999 64.585 64.585 64.585 64.585 64.585 64.585 64.585 -9999 -9999 -9999
-9999 -9999 -9999 -9999 -9999 -9999 -9999 64.585 64.585 64.585 64.585 64.585 64.585 64.585 -9999 -9999 -9999
-9999 -9999 -9999 -9999 -9999 -9999 -9999 64.585 64.585 64.585 64.585 64.585 64.585 64.585 -9999 -9999 -9999
-9999 -9999 -9999 -9999 -9999 -9999 -9999 64.585 64.585 64.585 64.585 64.585 62.65 62.65 -9999 -9999 -9999
-9999 -9999 -9999 -9999 -9999 -9999 -9999 64.585 64.585 64.585 62.65 62.65 62.462 55.516 -9999 -9999 -9999
-9999 -9999 -9999 -9999 -9999 -9999 -9999 62.65 62.65 62.65 62.462 55.516 55.44 55.44 -9999 -9999 -9999
-9999 -9999 -9999 -9999 -9999 -9999 -9999 62.462 62.462 55.516 55.44 55.44 55.44 55.44 -9999 -9999 -9999
-9999 -9999 -9999 -9999 -9999 -9999 -9999 55.44 55.44 55.44 55.44 55.44 55.44 55.44 -9999 -9999 -9999
-9999 -9999 -9999 -9999 -9999 -9999 -9999 55.44 55.44 55.44 55.44 55.44 55.44 55.44 -9999 -9999 -9999
-9999 -9999 -9999 -9999 -9999 -9999 -9999 55.44 55.44 55.44 55.44 55.44 52.089 51.989 -9999 -9999 -9999
-9999 -9999 -9999 -9999 -9999 -9999 -9999 55.44 55.44 55.44 52.089 51.989 51.989 51.989 -9999 -9999 -9999
-9999 -9999 -9999 -9999 -9999 -9999 -9999 51.989 51.989 51.989 51.989 51.989 46.715 46.715 -9999 -9999 -9999
-9999 -9999 -9999 -9999 -9999 -9999 -9999 46.715 46.715 46.715 46.715 46.715 46.715 46.032 -9999 -9999 -9999
-9999 -9999 -9999 -9999 -9999 -9999 -9999 46.032 46.032 46.032 46.032 46.032 46.032 45.329 -9999 -9999 -9999
-9999 -9999 -9999 -9999 -9999 -9999 -9999 45.329 45.329 45.329 45.329 45.329 45.329 44.7 -9999 -9999 -9999
-9999 -9999 -9999 -9999 -9999 -9999 -9999 44.7 44.7 44.7 44.7 44.7 44.7 39.646 -9999 -9999 -9999
-9999 -9999 -9999 -9999 -9999 -9999 -9999 39.466 39.466 39.466 39.466 39.466 39.466 39.466 -9999 -9999 -9999
-9999 -9999 -9999 -9999 -9999 -9999 -9999 -9999 39.466 39.466 39.466 39.466 39.466 39.466 -9999 -9999 -9999
-9999 -9999 -9999 -9999 -9999 -9999 -9999 -9999 39.466 39.466 39.466 39.466 -9999 -9999 -9999 -9999 -9999
-9999 -9999 -9999 -9999 -9999 -9999 -9999 -9999 -9999 39.466 39.466 39.466 -9999 -9999 -9999 -9999 -9999
-9999 -9999 -9999 -9999 -9999 -9999 -9999 -9999 -9999 39.466 39.466 -9999 -9999 -9999 -9999 -9999 -9999
-9999 -9999 -9999 -9999 -9999 -9999 -9999 -9999 -9999 35.162 35.162 -9999 -9999 -9999 -9999 -9999 -9999
