ncols         7
nrows         35
xllcorner     6400.000000
yllcorner     0.000000
cellsize      200
NODATA_value  -9999
-9999 -9999 -9999 13.94 13.94 -9999 -9999
-9999 -9999 -9999 14.195 14.195 -9999 -9999
-9999 -9999 14.44 14.44 14.44 14.44 -9999
-9999 -9999 14.674 14.674 14.674 14.674 -9999
-9999 -9999 14.897 14.897 14.897 14.897 -9999
-9999 -9999 15.11 15.11 15.11 15.11 -9999
-9999 -9999 15.315 15.315 15.315 15.315 -9999
-9999 -9999 15.512 15.512 15.512 15.512 -9999
-9999 -9999 15.702 15.702 15.702 15.702 -9999
-9999 15.886 15.886 15.886 15.886 15.886 -9999
-9999 16.064 16.064 16.064 16.064 16.064 -9999
-9999 16.237 16.237 16.237 16.237 16.237 -9999
-9999 -9999 16.405 16.405 16.405 16.405 16.405
-9999 -9999 14.561 14.561 14.561 14.561 14.561
-9999 19.043 19.043 19.043 19.043 19.043 19.043
-9999 19.847 19.847 19.847 19.847 19.847 19.847
20.64 20.64 20.64 20.64 20.64 20.64 20.64
21.423 21.423 21.423 21.423 21.423 21.423 21.423
22.198 22.198 22.198 22.198 22.198 22.198 22.198
22.967 22.967 22.967 22.967 22.967 22.967 22.967
23.729 23.729 23.729 23.729 23.729 23.729 23.729
24.493 24.493 24.493 24.493 24.493 24.493 24.493
25.26 25.26 25.26 25.26 25.26 25.26 25.26
-9999 25.26 25.26 25.26 25.26 25.26 -9999
-9999 25.26 25.26 25.26 25.26 25.26 -9999
-9999 25.26 25.26 25.26 25.26 25.26 -9999
-9999 -9999 25.26 25.26 25.26 25.26 25.26
-9999 -9999 25.26 25.26 25.26 25.26 25.26
-9999 -9999 -9999 25.26 25.26 25.26 25.26
-9999 -9999 -9999 25.26 25.26 25.26 25.26
-9999 -9999 -9999 25.26 25.26 25.26 25.26
-9999 -9999 -9999 25.26 25.26 25.26 25.26
-9999 -9999 -9999 25.26 25.26 25.26 -9999
-9999 -9999 -9999 -9999 25.26 25.26 -9999
-9999 -9999 -9999 -9999 25.26 25.26 -9999
