ncols         11
nrows         48
xllcorner     0.000000
yllcorner     0.000000
cellsize      200
NODATA_value  -9999
-9999 -9999 21.065 21.065 21.065 21.065 21.065 21.065 -9999 -9999 -9999
-9999 -9999 21.209 21.209 21.209 21.209 21.209 21.209 -9999 -9999 -9999
-9999 -9999 21.35 21.35 21.35 21.35 21.35 21.35 -9999 -9999 -9999
-9999 -9999 21.488 21.488 21.488 21.488 21.488 21.488 21.488 -9999 -9999
-9999 -9999 21.624 21.624 21.624 21.624 21.624 21.624 21.624 -9999 -9999
-9999 -9999 21.756 21.756 21.756 21.756 21.756 21.756 21.756 -9999 -9999
-9999 -9999 21.888 21.888 21.888 21.888 21.888 21.888 -9999 -9999 -9999
-9999 -9999 22.018 22.018 22.018 22.018 22.018 22.018 22.018 -9999 -9999
-9999 -9999 22.145 22.145 22.145 22.145 22.145 22.145 22.145 22.018 -9999
-9999 -9999 22.271 22.271 22.271 22.271 22.271 22.271 22.271 22.145 -9999
-9999 -9999 22.394 22.394 22.394 22.394 22.394 22.394 22.394 22.271 -9999
-9999 -9999 22.516 22.516 22.516 22.516 22.516 22.516 22.516 22.394 -9999
-9999 -9999 22.637 22.637 22.637 22.637 22.637 22.637 22.637 22.516 -9999
-9999 -9999 22.756 22.756 22.756 22.756 22.756 22.756 22.756 22.637 -9999
-9999 -9999 22.87 25.631 25.631 25.631 25.631 25.631 25.631 25.517 -9999
-9999 -9999 26.21 26.21 26.21 26.21 26.21 26.21 26.21 -9999 -9999
-9999 -9999 26.781 26.781 26.781 26.781 26.781 26.781 -9999 -9999 -9999
-9999 -9999 27.345 27.345 27.345 27.345 27.345 27.345 -9999 -9999 -9999
-9999 -9999 27.902 27.902 27.902 27.902 27.902 27.902 27.902 -9999 -9999
-9999 -9999 28.452 28.452 28.452 28.452 28.452 28.452 28.452 27.902 -9999
-9999 -9999 28.996 28.996 28.996 28.996 28.996 28.996 28.996 28.452 28.452
-9999 -9999 29.536 29.536 29.536 29.536 29.536 29.536 29.536 28.996 28.996
-9999 -9999 30.612 30.612 30.612 30.612 30.612 30.074 30.074 29.536 29.536
-9999 -9999 30.613 30.613 30.613 30.613 30.613 30.613 30.613 30.613 -9999
-9999 -9999 30.613 30.613 30.613 30.613 30.613 30.613 30.613 -9999 -9999
-9999 -9999 30.613 30.613 30.613 30.613 30.613 30.613 30.613 -9999 -9999
-9999 -9999 30.613 30.613 30.613 30.613 30.613 30.613 30.613 -9999 -9999
-9999 -9999 30.613 30.613 30.613 30.613 30.613 30.613 -9999 -9999 -9999
-9999 -9999 30.613 30.613 30.613 30.613 30.613 30.613 -9999 -9999 -9999
-9999 -9999 30.613 30.613 30.613 30.613 30.613 30.613 -9999 -9999 -9999
-9999 -9999 30.613 30.613 30.613 30.613 30.613 30.613 -9999 -9999 -9999
-9999 -9999 30.613 30.613 30.613 30.613 30.613 30.613 -9999 -9999 -9999
-9999 -9999 30.613 30.613 30.613 30.613 30.613 30.613 -9999 -9999 -9999
-9999 -9999 30.613 30.613 30.613 30.613 30.613 30.613 -9999 -9999 -9999
-9999 -9999 30.613 30.613 30.613 30.613 30.613 30.613 -9999 -9999 -9999
-9999 -9999 30.613 30.613 30.613 30.613 30.613 30.613 30.613 -9999 -9999
-9999 -9999 30.613 30.613 30.613 30.613 30.613 30.613 30.613 30.613 -9999
-9999 -9999 30.613 30.613 30.613 30.613 30.613 30.613 30.613 30.613 -9999
-9999 -9999 30.613 30.613 30.613 30.613 30.613 30.613 30.613 30.613 -9999
-9999 -9999 30.613 30.613 30.613 -9999 -9999 -9999 -9999 -9999 -9999
-9999 -9999 30.613 30.613 30.613 -9999 -9999 -9999 -9999 -9999 -9999
-9999 -9999 30.613 30.613 30.613 -9999 -9999 -9999 -9999 -9999 -9999
-9999 -9999 30.613 30.613 30.613 -9999 -9999 -9999 -9999 -9999 -9999
-9999 -9999 30.613 30.613 30.613 -9999 -9999 -9999 -9999 -9999 -9999
-9999 -9999 30.613 30.613 30.613 -9999 -9999 -9999 -9999 -9999 -9999
-9999 -9999 30.613 30.613 -9999 -9999 -9999 -9999 -9999 -9999 -9999
30.613 30.613 30.613 30.613 -9999 -9999 -9999 -9999 -9999 -9999 -9999
30.613 30.613 30.613 30.613 -9999 -9999 -9999 -9999 -9999 -9999 -9999
