ncols         5
nrows         15
xllcorner     16800.000000
yllcorner     0.000000
cellsize      200
NODATA_value  -9999
-32768 -32768 14.337 15.682 -32768
-32768 14.805 13.721 15.089 -32768
15.92 14.273 13.239 14.607 -32768
-32768 13.851 12.839 -32768 -32768
-32768 13.542 12.493 -32768 -32768
-32768 19.924 12.165 19.396 -32768
26.989 17.161 10.612 17.157 27.02
25.584 15.749 9.1468 15.749 25.624
24.268 14.415 7.755 14.403 24.269
25.489 14.807 6.4254 13.114 22.974
-32768 14.754 5.1456 11.878 21.745
-32768 13.544 3.8897 13.526 -32768
-32768 12.291 2.6266 12.291 -32768
-32768 9.8728 1.3424 -32768 -32768
-32768 0.00062076 0.00037599 -32768 -32768
