ncols         5
nrows         15
xllcorner     16800.000000
yllcorner     0.000000
cellsize      200
NODATA_value  -9999
-9999 -9999 24.394 24.394 -9999
-9999 25.678 25.678 25.678 -9999
27.02 27.02 27.02 27.02 -9999
-9999 27.02 27.02 -9999 -9999
-9999 27.02 27.02 -9999 -9999
-9999 27.02 27.02 27.02 -9999
27.02 27.02 27.02 27.02 27.02
27.02 27.02 27.02 27.02 27.02
27.02 27.02 27.02 27.02 27.02
27.02 27.02 27.02 27.02 27.02
-9999 27.02 27.02 27.02 27.02
-9999 27.02 27.02 27.02 -9999
-9999 27.02 27.02 27.02 -9999
-9999 27.02 27.02 -9999 -9999
-9999 27.02 27.02 -9999 -9999
