ncols         10
nrows         48
xllcorner     10200.000000
yllcorner     0.000000
cellsize      200
NODATA_value  -9999
-9999 19.958 19.958 19.958 19.958 19.958 19.958 19.958 19.958 19.958
-9999 20.098 20.098 20.098 20.098 20.098 20.098 20.098 20.098 20.098
-9999 20.236 20.236 20.236 20.236 20.236 20.236 20.236 20.236 20.236
-9999 20.372 20.372 20.372 20.372 20.372 20.372 20.372 20.372 -9999
-9999 20.506 20.506 20.506 20.506 20.506 20.506 20.506 20.506 20.506
-9999 20.637 20.637 20.637 20.637 20.637 20.637 20.637 20.637 -9999
-9999 20.766 20.766 20.766 20.766 20.766 20.766 20.766 20.766 -9999
-9999 20.893 20.893 20.893 20.893 20.893 20.893 20.893 20.893 -9999
-9999 21.144 21.144 21.144 21.144 21.144 21.144 21.144 21.144 -9999
-9999 21.267 21.267 21.267 21.267 21.267 21.267 21.267 21.267 -9999
-9999 21.388 21.388 21.388 21.388 21.388 21.388 21.388 -9999 -9999
-9999 21.508 21.508 21.508 21.508 21.508 21.508 21.508 21.508 -9999
-9999 21.625 21.625 21.625 21.625 21.625 21.625 21.625 21.625 -9999
-9999 21.742 21.742 21.742 21.742 21.742 21.742 21.742 21.742 -9999
-9999 23.462 23.462 23.462 23.462 23.462 23.462 23.462 23.462 -9999
-9999 24.031 24.031 24.031 24.031 24.031 24.031 24.031 24.031 -9999
-9999 24.592 24.592 24.592 24.592 24.592 24.592 24.592 24.592 -9999
-9999 25.149 25.149 25.149 25.149 25.149 25.149 25.149 25.149 -9999
-9999 25.7 25.7 25.7 25.7 25.7 25.7 25.7 -9999 -9999
-9999 26.247 26.247 26.247 26.247 26.247 26.247 26.247 -9999 -9999
-9999 26.788 26.788 26.788 26.788 26.788 26.788 26.788 -9999 -9999
-9999 27.327 27.327 27.327 27.327 27.327 27.327 27.327 -9999 -9999
-9999 27.865 27.865 27.865 27.865 27.865 27.865 27.865 -9999 -9999
-9999 28.402 28.402 28.402 28.402 28.402 28.402 28.402 -9999 -9999
-9999 28.402 28.402 28.402 28.402 28.402 28.402 28.402 -9999 -9999
-9999 28.402 28.402 28.402 28.402 28.402 28.402 28.402 -9999 -9999
-9999 28.402 28.402 28.402 28.402 28.402 28.402 28.402 -9999 -9999
-9999 28.402 28.402 28.402 28.402 28.402 28.402 28.402 28.402 -9999
-9999 28.402 28.402 28.402 28.402 28.402 28.402 28.402 28.402 -9999
-9999 28.402 28.402 28.402 28.402 28.402 28.402 28.402 28.402 -9999
-9999 28.402 28.402 28.402 28.402 28.402 28.402 28.402 28.402 -9999
28.402 28.402 28.402 28.402 28.402 28.402 28.402 28.402 28.402 -9999
28.402 28.402 28.402 28.402 28.402 28.402 28.402 28.402 28.402 -9999
28.402 28.402 28.402 28.402 28.402 28.402 28.402 28.402 28.402 -9999
-9999 28.402 28.402 28.402 28.402 28.402 28.402 28.402 28.402 -9999
-9999 28.402 28.402 28.402 28.402 28.402 28.402 28.402 28.402 -9999
28.402 28.402 28.402 28.402 28.402 28.402 28.402 28.402 28.402 -9999
28.402 28.402 28.402 28.402 28.402 28.402 28.402 28.402 28.402 -9999
28.402 28.402 28.402 28.402 28.402 28.402 28.402 28.402 28.402 -9999
-9999 28.402 28.402 28.402 28.402 28.402 28.402 -9999 -9999 -9999
-9999 28.402 28.402 28.402 28.402 28.402 28.402 -9999 -9999 -9999
-9999 28.402 28.402 28.402 28.402 28.402 28.402 -9999 -9999 -9999
-9999 28.402 28.402 28.402 28.402 28.402 28.402 -9999 -9999 -9999
-9999 28.402 28.402 28.402 28.402 28.402 28.402 -9999 -9999 -9999
-9999 -9999 28.402 28.402 28.402 28.402 -9999 -9999 -9999 -9999
-9999 -9999 28.402 28.402 28.402 -9999 -9999 -9999 -9999 -9999
-9999 -9999 -9999 28.402 -9999 -9999 -9999 -9999 -9999 -9999
-9999 -9999 -9999 28.402 -9999 -9999 -9999 -9999 -9999 -9999
