ncols         17
nrows         48
xllcorner     6400.000000
yllcorner     0.000000
cellsize      200
NODATA_value  -9999
0 0 0 0 0 0 0 0 0 0 0 0 0 0 0 0 0
0 0 0 0 0 0 0 0 0 0 0 0 0 0 0 0 0
0 0 0 0 0 3.8249 3.6389 3.4646 3.3 3.1419 0 0 0 0 0 0 0
0 0 0 0 0 0 0 0 0 0 2.9463 0 0 0 0 0 0
0 0 0 0 0 0 0 0 0 0 2.8295 0 0 0 0 0 0
0 0 0 0 0 0 0 0 0 0 2.7187 0 0 0 0 0 0
0 0 0 0 0 0 0 0 0 0 2.6114 0 0 0 0 0 0
0 0 0 0 0 0 0 0 0 0 2.5082 0 0 0 0 0 0
0 0 0 0 0 0 0 0 0 0 2.4089 0 0 0 0 0 0
0 0 0 0 0 0 0 0 0 0 2.312 0 0 0 0 0 0
0 0 0 0 0 0 0 0 0 0 2.2168 0 0 0 0 0 0
0 0 0 0 0 0 0 0 2.3645 2.195 2.1239 0 0 0 0 0 0
0 0 0 0 0 0 0 0 0 0 2.0404 0 0 0 0 0 0
0 0 0 0 0 0 0 0 0 0 1.9656 0 0 0 0 0 0
0 0 0 0 0 0 0 0 0 0 1.8927 0 0 0 0 0 0
0 0 0 0 0 0 0 0 0 0 1.8212 0 0 0 0 0 0
0 0 0 0 0 0 0 0 0 0 1.7512 0 0 0 0 0 0
0 0 0 0 0 0 0 0 0 0 1.6825 0 0 0 0 0 0
0 0 0 0 0 0 0 0 0 0 1.6151 0 0 0 0 0 0
0 0 0 0 0 0 0 0 0 0 1.5489 0 0 0 0 0 0
0 0 0 0 0 0 0 0 0 0 1.4838 0 0 0 0 0 0
0 0 0 0 0 0 0 0 0 0 1.4197 0 0 0 0 0 0
0 0 0 0 0 0 0 0 0 0 1.3564 0 0 0 0 0 0
0 0 0 0 0 0 0 0 0 0 1.2942 0 0 0 0 0 0
0 0 0 0 0 0 0 0 0 0 1.2331 0 0 0 0 0 0
0 0 0 0 0 0 0 0 0 0 1.1729 0 0 0 0 0 0
0 0 0 0 0 0 0 0 0 0 1.1134 0 0 0 0 0 0
0 0 0 0 0 0 0 0 0 0 1.0546 0 0 0 0 0 0
0 0 0 0 0 0 0 0 0 0 0.99652 0 0 0 0 0 0
0 0 0 0 0 0 0 0 0 0 0.93911 0 0 0 0 0 0
0 0 0 0 0 0 0 0 0 0 0.88236 0 0 0 0 0 0
0 0 0 0 0 0 0 0 0 0 0.82624 0 0 0 0 0 0
0 0 0 0 0 0 0 0 0 0 0.77072 0 0 0 0 0 0
0 0 0 0 0 0 0 0 0 0 0.71579 0 0 0 0 0 0
0 0 0 0 0 0 0 0 0 0 0.66144 0 0 0 0 0 0
0 0 0 0 0 0 0 0 0 0 0.60764 0 0 0 0 0 0
0 0 0 0 0 0 0 0 0 0 0.55434 0 0 0 0 0 0
0 0 0 0 0 0 0 0 0 0 0.50181 0 0 0 0 0 0
0 0 0 0 0 0 0 0 0 0 0.44992 0 0 0 0 0 0
0 0 0 0 0 0 0 0 0 0 0.39838 0 0 0 0 0 0
0 0 0 0 0 0 0 0 0 0 0.34732 0 0 0 0 0 0
0 0 0 0 0 0 0 0 0 0 0.29671 0 0 0 0 0 0
0 0 0 0 0 0 0 0 0 0 0.24655 0 0 0 0 0 0
0 0 0 0 0 0 0 0 0 0 0.1968 0 0 0 0 0 0
0 0 0 0 0 0 0 0 0 0 0.14735 0 0 0 0 0 0
0 0 0 0 0 0 0 0 0 0 0.098118 0 0 0 0 0 0
0 0 0 0 0 0 0 0 0 0 0.049 0 0 0 0 0 0
0 0 0 0 0 0 0 0 0 0 0 0 0 0 0 0 0
