ncols         12
nrows         48
xllcorner     11800.000000
yllcorner     0.000000
cellsize      200
NODATA_value  -9999
-9999 -9999 18.305 18.305 18.305 18.305 18.305 18.305 18.305 -9999 -9999 -9999
-9999 -9999 18.444 18.444 18.444 18.444 18.444 18.444 18.444 -9999 -9999 -9999
-9999 -9999 18.718 18.718 18.718 18.718 18.718 18.718 18.718 -9999 -9999 -9999
-9999 18.847 18.847 18.847 18.847 18.847 18.847 18.847 18.847 -9999 -9999 -9999
-9999 -9999 18.976 18.976 18.976 18.976 18.976 18.976 18.976 -9999 -9999 -9999
-9999 19.103 19.103 19.103 19.103 19.103 19.103 19.103 19.103 -9999 -9999 -9999
-9999 19.227 19.227 19.227 19.227 19.227 19.227 19.227 19.227 19.227 -9999 -9999
-9999 19.348 19.348 19.348 19.348 19.348 19.348 19.348 19.348 -9999 -9999 -9999
-9999 19.468 19.468 19.468 19.468 19.468 19.468 19.468 19.468 -9999 -9999 -9999
-9999 19.585 19.585 19.585 19.585 19.585 19.585 19.585 19.585 19.585 -9999 -9999
19.701 19.701 19.701 19.701 19.701 19.701 19.701 19.701 19.701 -9999 -9999 -9999
-9999 19.814 19.814 19.814 19.814 19.814 19.814 19.814 19.814 -9999 -9999 -9999
-9999 19.927 19.927 19.927 19.927 19.927 19.927 19.927 19.927 -9999 -9999 -9999
-9999 20.038 20.038 20.038 20.038 20.038 20.038 20.038 20.038 -9999 -9999 -9999
-9999 20.144 20.144 20.144 20.144 20.144 20.144 20.144 20.144 20.144 -9999 -9999
-9999 20.683 20.683 20.683 20.683 20.683 20.683 20.683 20.683 -9999 -9999 -9999
-9999 21.217 21.217 21.217 21.217 21.217 21.217 21.217 21.217 -9999 -9999 -9999
-9999 21.746 21.746 21.746 21.746 21.746 21.746 21.746 21.746 -9999 -9999 -9999
22.27 22.27 22.27 22.27 22.27 22.27 22.27 22.27 22.27 -9999 -9999 -9999
22.789 22.789 22.789 22.789 22.789 22.789 22.789 22.789 22.789 22.789 -9999 -9999
23.302 23.302 23.302 23.302 23.302 23.302 23.302 23.302 23.302 23.302 23.302 -9999
23.81 23.81 23.81 23.81 23.81 23.81 23.81 23.81 23.81 23.81 -9999 -9999
24.317 24.317 24.317 24.317 24.317 24.317 24.317 24.317 24.317 24.317 24.317 -9999
24.823 24.823 24.823 24.823 24.823 24.823 24.823 24.823 24.823 24.823 -9999 -9999
24.823 24.823 24.823 24.823 24.823 24.823 24.823 24.823 24.823 24.823 24.823 -9999
24.823 24.823 24.823 24.823 24.823 24.823 24.823 24.823 24.823 24.818 24.818 -9999
24.25 24.25 24.25 24.25 24.25 24.25 24.25 24.25 24.25 24.25 24.25 -9999
-9999 24.25 24.25 24.25 24.25 24.25 24.25 24.25 24.25 24.25 -9999 -9999
-9999 24.25 24.25 24.25 24.25 24.25 24.25 24.25 24.25 24.25 -9999 -9999
-9999 24.25 24.25 24.25 24.25 24.25 24.25 24.25 24.25 24.25 24.25 -9999
-9999 24.25 24.25 24.25 24.25 24.25 24.25 24.25 24.25 24.25 24.25 -9999
-9999 24.25 24.25 24.25 24.25 24.25 24.25 24.25 24.25 24.25 24.25 24.25
-9999 24.25 24.25 24.25 24.25 24.25 24.25 24.25 24.25 24.25 24.25 -9999
-9999 24.25 24.25 24.25 24.25 24.25 24.25 24.25 24.25 24.25 24.25 -9999
-9999 24.25 24.25 24.25 24.25 24.25 24.25 24.25 24.25 24.25 24.25 -9999
-9999 24.25 24.25 24.25 24.25 24.25 24.25 24.25 24.25 24.25 24.25 24.25
-9999 24.25 24.25 24.25 24.25 24.25 24.25 24.25 24.25 24.25 24.25 -9999
-9999 24.25 24.25 24.25 24.25 24.25 24.25 24.25 24.25 24.25 24.25 -9999
-9999 24.25 24.25 24.25 24.25 24.25 24.25 24.25 24.25 24.25 24.25 -9999
-9999 -9999 -9999 24.25 24.25 24.25 24.25 24.25 -9999 -9999 -9999 -9999
-9999 -9999 -9999 24.25 24.25 24.25 24.25 24.25 -9999 -9999 -9999 -9999
-9999 -9999 -9999 24.25 24.25 24.25 24.25 24.25 -9999 -9999 -9999 -9999
-9999 -9999 -9999 24.25 24.25 24.25 24.25 24.25 -9999 -9999 -9999 -9999
-9999 -9999 -9999 24.25 24.25 24.25 24.25 24.25 -9999 -9999 -9999 -9999
-9999 -9999 -9999 24.25 24.25 24.25 24.25 24.25 -9999 -9999 -9999 -9999
-9999 -9999 -9999 -9999 24.25 24.25 24.25 -9999 -9999 -9999 -9999 -9999
-9999 -9999 -9999 -9999 24.25 24.25 -9999 -9999 -9999 -9999 -9999 -9999
-9999 -9999 -9999 -9999 24.25 24.25 -9999 -9999 -9999 -9999 -9999 -9999
