ncols         12
nrows         48
xllcorner     17200.000000
yllcorner     0.000000
cellsize      200
NODATA_value  -9999
-9999 21.241 21.36 21.36 21.36 21.36 21.36 21.36 21.36 21.36 21.36 21.36
-9999 21.36 21.476 21.476 21.476 21.476 21.476 21.476 21.476 21.476 21.476 21.476
-9999 21.476 21.592 21.592 21.592 21.592 21.592 21.592 21.592 21.592 21.592 21.592
21.592 21.592 21.703 21.703 21.703 21.703 21.703 21.703 21.703 21.703 21.703 21.703
-9999 21.703 21.813 21.813 21.813 21.813 21.813 21.813 21.813 21.813 21.813 21.813
-9999 -9999 21.922 21.922 21.922 21.922 21.922 21.922 21.922 21.922 21.922 21.922
-9999 -9999 22.03 22.03 22.03 22.03 22.03 22.03 22.03 22.03 22.03 22.03
-9999 -9999 22.135 22.135 22.135 22.135 22.135 22.135 22.135 22.135 22.135 22.135
-9999 -9999 22.238 22.238 22.238 22.238 22.238 22.238 22.238 22.238 22.238 22.238
-9999 -9999 22.34 22.34 22.34 22.34 22.34 22.34 22.34 22.34 22.34 22.34
-9999 22.34 22.441 22.441 22.441 22.441 22.441 22.441 22.441 22.441 22.441 22.441
-9999 22.441 22.54 22.54 22.54 22.54 22.54 22.54 22.54 22.54 22.54 22.54
-9999 22.54 22.638 22.638 22.638 22.638 22.638 22.638 22.638 22.638 22.638 22.638
-9999 -9999 22.735 22.735 22.735 22.735 22.735 22.735 22.735 22.735 22.735 22.735
-9999 -9999 -9999 24.535 24.535 24.535 24.535 24.535 24.535 24.535 22.927 22.829
-9999 -9999 -9999 25.01 25.01 25.01 25.01 25.01 25.01 25.01 25.01 25.01
-9999 26.117 26.586 26.586 26.586 26.586 26.586 26.586 26.586 26.586 26.586 26.586
-9999 26.586 27.052 27.052 27.052 27.052 27.052 27.052 27.052 27.052 27.052 27.052
-9999 27.052 27.515 27.515 27.515 27.515 27.515 27.515 27.515 27.515 27.515 27.515
27.515 27.515 27.974 27.974 27.974 27.974 27.974 27.974 27.974 27.974 27.974 27.974
27.974 27.974 28.431 28.431 28.431 28.431 28.431 28.431 28.431 28.431 28.431 28.431
-9999 28.431 28.885 28.885 28.885 28.885 28.885 28.885 28.885 28.885 28.885 28.885
-9999 -9999 29.339 29.339 29.339 29.339 29.339 29.339 29.339 29.339 29.339 29.339
-9999 -9999 29.792 29.792 29.792 29.792 29.792 29.792 29.792 29.792 29.792 29.792
-9999 -9999 29.792 29.792 29.792 29.792 29.792 29.792 29.792 29.792 29.792 29.792
-9999 -9999 29.792 29.792 29.792 29.792 29.792 29.792 29.792 29.792 29.792 29.792
-9999 29.792 29.792 29.792 29.792 29.792 29.792 29.792 29.792 29.792 29.792 29.792
-9999 -9999 29.792 29.792 29.792 29.792 29.792 29.792 29.792 29.792 29.792 29.792
-9999 -9999 29.792 29.792 29.792 29.792 29.792 29.792 29.792 29.792 29.792 29.792
-9999 -9999 29.792 29.792 29.792 29.792 29.792 29.792 29.792 29.792 29.792 29.792
-9999 29.792 29.792 29.792 29.792 29.792 29.792 29.792 29.792 29.792 29.792 29.792
-9999 29.792 29.792 29.792 29.792 29.792 29.792 29.792 29.792 29.792 29.792 29.792
-9999 -9999 29.792 29.792 29.792 29.792 29.792 29.792 29.792 29.792 29.792 29.792
-9999 -9999 29.792 29.792 29.792 29.792 29.792 29.792 29.792 29.792 29.792 29.792
-9999 -9999 29.792 29.792 29.792 29.792 29.792 29.792 29.792 29.792 29.792 29.792
-9999 -9999 29.792 29.792 29.792 29.792 29.792 29.792 29.792 29.792 29.792 29.792
-9999 29.792 29.792 29.792 29.792 29.792 29.792 29.792 29.792 29.792 29.792 29.792
-9999 29.792 29.792 29.792 29.792 29.792 29.792 29.792 29.792 29.792 29.792 29.792
-9999 -9999 29.792 29.792 29.792 29.792 29.792 29.792 29.792 29.792 29.792 29.792
-9999 -9999 -9999 -9999 -9999 29.792 29.792 29.792 29.792 29.792 29.792 29.792
-9999 -9999 -9999 -9999 -9999 29.792 29.792 29.792 29.792 29.792 29.792 29.792
-9999 -9999 -9999 -9999 -9999 -9999 29.792 29.792 29.792 29.792 29.792 29.792
-9999 -9999 -9999 -9999 -9999 -9999 29.792 29.792 29.792 29.792 29.792 -9999
-9999 -9999 -9999 -9999 -9999 -9999 29.792 29.792 29.792 29.792 29.792 -9999
-9999 -9999 -9999 -9999 -9999 -9999 29.792 29.792 29.792 29.792 29.792 -9999
-9999 -9999 -9999 -9999 -9999 -9999 -9999 29.792 29.792 29.792 29.792 -9999
-9999 -9999 -9999 -9999 -9999 -9999 -9999 29.792 29.792 29.792 29.792 -9999
-9999 -9999 -9999 -9999 -9999 -9999 -9999 29.792 29.792 29.792 29.792 -9999
