ncols         12
nrows         48
xllcorner     17200.000000
yllcorner     0.000000
cellsize      200
NODATA_value  -9999
0 0 0 0 0 0 0 0 0 0 0 0
0 0 0 0 0 0 0 0 0 0 0 0
0 0 0 0 0 0 0 0 0 0 0 0
0 0 0 0 0 0 0 0 0 0 0 0
0 0 0 0 0 0 0 0 3.3383 0 0 0
0 0 0 0 0 3.2462 0 0 3.147 0 0 0
0 0 0 0 0 3.0848 0 0 2.9712 0 0 0
0 0 0 0 0 2.933 0 0 2.8066 0 0 0
0 0 0 0 0 2.7892 0 0 2.6503 0 0 0
0 0 0 0 0 2.6524 0 0 2.5003 0 0 0
0 0 0 0 0 2.521 0 0 2.3552 0 0 0
0 0 0 0 0 2.393 0 0 2.2137 0 0 0
0 0 0 0 0 0 2.2246 2.1142 2.0817 0 0 0
0 0 0 0 0 0 0 0 1.979 0 0 0
0 0 0 0 0 0 0 0 1.8985 0 0 0
0 0 0 0 0 0 0 0 1.8198 0 0 0
0 0 0 0 0 0 0 0 1.7425 0 0 0
0 0 0 0 0 0 0 0 1.6664 0 0 0
0 0 0 0 0 0 0 0 1.5918 0 0 0
0 0 0 0 0 1.9728 1.8024 1.6369 1.5212 0 0 0
0 0 0 0 0 0 0 0 1.4546 0 0 0
0 0 0 0 0 0 0 0 1.3888 0 0 0
0 0 0 0 0 0 0 0 1.3242 0 0 0
0 0 0 0 0 0 0 0 1.2609 0 0 0
0 0 0 0 0 0 0 0 1.1988 0 0 0
0 0 0 0 0 0 0 0 1.1375 0 0 0
0 0 0 0 0 0 0 0 1.0778 0 0 0
0 0 0 0 0 0 0 0 1.0194 0 0 0
0 0 0 0 0 0 0 0 0.96169 0 0 0
0 0 0 0 0 0 0 0 0.90452 0 0 0
0 0 0 0 0 0 0 0 0.84851 0 0 0
0 0 0 0 0 0 0 0 0.79387 0 0 0
0 0 0 0 0 0 0 0 0.73995 0 0 0
0 0 0 0 0 0 0 0 0.68672 0 0 0
0 0 0 0 0 0 0 0 0.63423 0 0 0
0 0 0 0 0 0 0 0 0.58245 0 0 0
0 0 0 0 0 0 0 0 0.53115 0 0 0
0 0 0 0 0 0 0 0 0.48078 0 0 0
0 0 0 0 0 0 0 0 0.4313 0 0 0
0 0 0 0 0 0 0 0 0.38213 0 0 0
0 0 0 0 0 0 0 0 0.33336 0 0 0
0 0 0 0 0 0 0 0 0.28496 0 0 0
0 0 0 0 0 0 0 0 0.23688 0 0 0
0 0 0 0 0 0 0 0 0.18907 0 0 0
0 0 0 0 0 0 0 0 0.14153 0 0 0
0 0 0 0 0 0 0 0 0.094205 0 0 0
0 0 0 0 0 0 0 0 0.046985 0 0 0
0 0 0 0 0 0 0 0 0 0 0 0
