ncols         12
nrows         48
xllcorner     11800.000000
yllcorner     0.000000
cellsize      200
NODATA_value  -9999
0 0 0 0 0 0 0 0 0 0 0 0
0 0 0 0 0 0 0 0 0 0 0 0
0 0 0 0 0 0 0 0 0 0 0 0
0 0 0 0 0 3.5214 0 0 0 0 0 0
0 0 0 0 0 3.3415 0 0 0 0 0 0
0 0 0 0 0 3.1791 0 0 0 0 0 0
0 0 0 0 0 3.0351 0 0 0 0 0 0
0 0 0 0 0 2.9024 0 0 0 0 0 0
0 0 0 0 0 2.7773 0 0 0 0 0 0
0 0 0 0 0 2.6577 0 0 0 0 0 0
0 0 0 0 0 2.5464 0 0 0 0 0 0
0 0 0 0 0 2.4424 0 0 0 0 0 0
0 0 0 0 0 2.3419 0 0 0 0 0 0
0 0 0 0 0 2.2451 0 0 0 0 0 0
0 0 0 0 0 2.152 0 0 0 0 0 0
0 0 0 0 0 2.0622 0 0 0 0 0 0
0 0 0 0 0 1.9751 0 0 0 0 0 0
0 0 0 0 0 1.8904 0 0 0 0 0 0
0 0 0 0 0 1.8075 0 0 0 0 0 0
0 0 0 0 0 1.726 0 0 0 0 0 0
0 0 0 0 1.6148 0 0 0 0 0 0 0
0 0 0 0 1.5397 0 0 0 0 0 0 0
0 0 0 0 1.467 0 0 0 0 0 0 0
0 0 0 0 1.396 0 0 0 0 0 0 0
0 0 0 0 1.3262 0 0 0 0 0 0 0
0 0 0 0 1.2572 0 0 0 0 0 0 0
0 0 0 0 0 1.1628 0 0 0 0 0 0
0 0 0 0 0 1.0984 0 0 0 0 0 0
0 0 0 0 0 1.0353 0 0 0 0 0 0
0 0 0 0 0 0.97343 0 0 0 0 0 0
0 0 0 0 0 0.91268 0 0 0 0 0 0
0 0 0 0 0 0.85307 0 0 0 0 0 0
0 0 0 0 0 0.79454 0 0 0 0 0 0
0 0 0 0 0 0.73699 0 0 0 0 0 0
0 0 0 0 0 0.68037 0 0 0 0 0 0
0 0 0 0 0 0.6246 0 0 0 0 0 0
0 0 0 0 0 0.56938 0 0 0 0 0 0
0 0 0 0 0 0.51532 0 0 0 0 0 0
0 0 0 0 0 0.46236 0 0 0 0 0 0
0 0 0 0 0 0.40969 0 0 0 0 0 0
0 0 0 0 0 0.35738 0 0 0 0 0 0
0 0 0 0 0 0.30543 0 0 0 0 0 0
0 0 0 0 0 0.25382 0 0 0 0 0 0
0 0 0 0 0 0.20255 0 0 0 0 0 0
0 0 0 0 0 0.15162 0 0 0 0 0 0
0 0 0 0 0 0.10095 0 0 0 0 0 0
0 0 0 0 0 0.050412 0 0 0 0 0 0
0 0 0 0 0 0 0 0 0 0 0 0
