ncols         5
nrows         15
xllcorner     16800.000000
yllcorner     0.000000
cellsize      200
NODATA_value  -9999
-9999 -9999 3.4277 3.4277 -9999
-9999 7.7585 7.7585 7.7585 -9999
16.408 16.408 16.408 16.408 -9999
-9999 17.874 17.874 -9999 -9999
-9999 19.265 19.265 -9999 -9999
-9999 20.595 20.595 20.595 -9999
21.875 21.875 21.875 21.875 21.875
23.131 23.131 23.131 23.131 23.131
24.394 24.394 24.394 24.394 24.394
25.678 25.678 25.678 25.678 25.678
-9999 27.02 27.02 27.02 27.02
-9999 25.623 25.623 25.623 -9999
-9999 25.489 25.489 25.489 -9999
-9999 25.489 25.489 -9999 -9999
-9999 21.745 21.745 -9999 -9999
