ncols         6
nrows         48
xllcorner     9200.000000
yllcorner     0.000000
cellsize      200
NODATA_value  -9999
0 0 0 0 0 0
0 0 0 0 0 0
0 0 0 0 0 0
0 0 0 0 0 0
0 0 0 0 0 0
0 0 0 0 0 0
0 0 0 3.9132 0 0
0 0 0 3.717 0 0
0 0 3.4631 0 0 0
0 0 3.306 0 0 0
0 0 3.1609 0 0 0
0 0 3.0226 0 0 0
0 0 2.8923 0 0 0
0 0 2.7673 0 0 0
0 0 2.6476 0 0 0
0 0 2.5336 0 0 0
0 0 2.4238 0 0 0
0 0 2.3171 0 0 0
0 0 2.2139 0 0 0
0 0 2.1144 0 0 0
0 0 2.0177 0 0 0
0 0 1.9236 0 0 0
0 0 1.8319 0 0 0
0 0 1.7421 0 0 0
0 0 1.6544 0 0 0
0 0 1.5689 0 0 0
0 0 1.4853 0 0 0
0 0 1.4033 0 0 0
0 0 1.323 0 0 0
0 0 1.2442 0 0 0
0 0 1.1668 0 0 0
0 0 1.0906 0 0 0
0 0 1.0156 0 0 0
0 0 0.94155 0 0 0
0 0 0.86861 0 0 0
0 0 0.79681 0 0 0
0 0 0.726 0 0 0
0 0 0.65624 0 0 0
0 0 0.58731 0 0 0
0 0 0.51911 0 0 0
0 0 0.45183 0 0 0
0 0 0.38546 0 0 0
0 0 0.31987 0 0 0
0 0 0.25498 0 0 0
0 0 0.1907 0 0 0
0 0 0.12687 0 0 0
0 0 0.06331 0 0 0
0 0 0 0 0 0
