ncols         6
nrows         48
xllcorner     9200.000000
yllcorner     0.000000
cellsize      200
NODATA_value  -9999
-9999 -9999 -9999 24.308 24.308 24.308
-9999 -9999 -9999 24.479 24.479 24.479
-9999 -9999 24.646 24.646 24.646 24.646
-9999 -9999 24.81 24.81 24.81 24.81
-9999 24.97 24.97 24.97 24.97 24.97
-9999 25.127 25.127 25.127 25.127 25.127
-9999 25.282 25.282 25.282 25.282 25.282
-9999 25.433 25.433 25.433 25.433 25.433
25.582 25.582 25.582 25.582 25.582 25.582
25.73 25.73 25.73 25.73 25.73 25.73
-9999 25.874 25.874 25.874 25.874 25.874
-9999 26.017 26.017 26.017 26.017 26.017
26.157 26.157 26.157 26.157 26.157 26.157
26.295 26.295 26.295 26.295 26.295 26.295
26.43 26.43 26.43 26.43 26.43 26.43
27.112 27.112 27.112 27.112 27.112 27.112
27.782 27.782 27.782 27.782 27.782 27.782
28.444 28.444 28.444 28.444 28.444 28.444
29.098 29.098 29.098 29.098 29.098 29.098
29.746 29.746 29.746 29.746 29.746 29.746
30.387 30.387 30.387 30.387 30.387 30.387
31.025 31.025 31.025 31.025 31.025 31.025
31.66 31.66 31.66 31.66 31.66 31.66
32.296 32.296 32.296 32.296 32.296 32.296
32.296 32.296 32.296 32.296 32.296 32.296
28.956 28.956 28.956 28.956 28.956 28.956
28.956 28.956 28.956 28.956 28.956 28.956
27.929 27.929 27.929 27.929 27.929 27.929
27.929 27.929 27.929 27.929 27.929 27.929
27.929 27.929 27.929 27.929 27.929 27.929
27.929 27.929 27.929 27.929 27.929 27.929
27.929 27.929 27.929 27.929 27.929 -9999
27.929 27.929 27.929 27.929 27.929 -9999
27.929 27.929 27.929 27.929 27.929 -9999
27.929 27.929 27.929 27.929 27.929 27.929
27.929 27.929 27.929 27.929 27.929 27.929
27.929 27.929 27.929 27.929 27.929 -9999
27.929 27.929 27.929 27.929 27.929 -9999
27.929 27.929 27.929 27.929 27.929 -9999
27.929 27.929 27.929 27.929 27.929 27.929
27.929 27.929 27.929 27.929 27.929 27.929
27.929 27.929 27.929 27.929 27.929 27.929
27.929 27.929 27.929 27.929 27.929 -9999
27.929 27.929 27.929 27.929 27.929 -9999
27.929 27.929 27.929 27.929 -9999 -9999
-9999 27.929 27.929 27.929 -9999 -9999
-9999 27.929 27.929 -9999 -9999 -9999
-9999 27.929 27.929 -9999 -9999 -9999
