ncols         21
nrows         48
xllcorner     13600.000000
yllcorner     0.000000
cellsize      200
NODATA_value  -9999
0 0 0 0 0 0 0 0 0 0 0 0 0 0 0 0 0 0 0 0 0
0 0 0 0 0 0 0 0 0 0 0 0 0 0 0 0 0 0 0 0 0
0 0 0 0 0 0 0 0 0 2.7636 0 0 0 0 0 0 0 0 0 0 0
0 0 0 0 0 0 0 0 0 2.6057 0 0 0 0 0 0 0 0 0 0 0
0 0 0 0 0 0 0 2.7371 2.5464 2.4604 0 0 0 0 0 0 0 0 0 0 0
0 0 0 0 0 0 0 0 0 2.3342 0 0 0 0 0 3.161 0 0 0 0 0
0 0 0 0 0 0 0 0 0 2.2262 0 0 0 0 0 2.9864 0 0 0 0 0
0 0 0 0 0 0 0 0 0 2.123 0 0 0 0 0 2.8268 0 0 0 0 0
0 0 0 0 0 0 0 0 0 2.0223 0 0 0 0 0 2.6799 0 0 0 0 0
0 0 0 0 0 0 2.3842 0 0 1.9241 0 0 0 0 0 2.5423 0 0 0 0 0
0 0 0 0 0 0 2.2026 0 0 1.829 0 0 0 0 0 2.412 0 0 0 0 0
0 0 0 0 0 0 2.0311 0 0 1.7357 0 0 0 0 0 2.2874 0 0 0 0 0
0 0 0 0 0 2.1783 1.9821 1.8238 1.7003 1.6439 0 0 0 0 0 2.1674 0 0 0 0 0
0 0 0 0 0 0 0 0 0 1.5619 0 0 0 0 0 2.0504 0 0 0 0 0
0 0 0 0 0 0 0 0 0 1.4899 0 0 0 1.7941 1.8956 0 0 0 0 0 0
0 0 0 0 0 0 0 0 0 1.4187 0 0 1.6546 0 0 0 0 0 0 0 0
0 0 0 0 0 0 0 0 0 1.3483 0 0 1.5591 0 0 0 0 0 0 0 0
0 0 0 0 2.1113 1.9185 1.7373 1.5643 1.3965 1.281 0 0 1.465 0 0 0 0 0 0 0 0
0 0 0 0 0 0 0 0 0 1.2167 1.2546 1.339 0 0 0 0 0 0 0 0 0
0 0 0 0 0 0 0 0 0 1.1593 0 0 0 0 0 0 0 0 0 0 0
0 0 0 0 0 0 0 0 0 1.1088 0 0 0 0 0 0 0 0 0 0 0
0 0 0 0 0 0 0 0 0 1.0586 0 0 0 0 0 0 0 0 0 0 0
0 0 0 0 0 0 0 0 0 1.0087 0 0 0 0 0 0 0 0 0 0 0
0 0 0 0 0 0 0 1.2561 1.071 0.96022 0 0 0 0 0 0 0 0 0 0 0
0 0 0 0 0 0 0 0 0 0.9129 0 0 0 0 0 0 0 0 0 0 0
0 0 0 0 0 0 0 0 0 0.86584 0 0 0 0 1.6067 0 0 0 0 0 0
0 0 0 0 0 0 0 0 0 0.81898 0 0 0 0 1.4361 0 0 0 0 0 0
0 0 0 0 0 0 1.2619 1.071 0.88688 0.77439 0.85623 0.97794 1.1015 1.2286 0 0 0 0 0 0 0
0 0 0 0 0 0 0 0 0 0.73203 0 0 0 0 0 0 0 0 0 0 0
0 0 0 0 0 0 0 0 0 0.68987 0 0 0 0 0 0 0 0 0 0 0
0 0 0 0 0 0 0 0 0 0.64797 0 0 0 0 0 0 0 0 0 0 0
0 0 0 0 0 0 0 0 0 0.60687 0.71547 0.89366 1.078 0 0 0 0 0 0 0 0
0 0 0 0 0 0 0 0 0 0.56649 0 0 0 0 0 0 0 0 0 0 0
0 0 0 0 0 0 0 0 0 0.52657 0 0 0 0 0 0 0 0 0 0 0
0 0 0 0 0 0 0 0 0 0.48715 0 0 0 0 0 0 0 0 0 0 0
0 0 0 0 0 0 0 0 0 0.44801 0 0 0 0 0 0 0 0 0 0 0
0 0 0 0 0 0 0 0 0 0.4091 0 0 0 0 0 0 0 0 0 0 0
0 0 0 0 0 0 0 0 0 0.37078 0 0 0 0 0 0 0 0 0 0 0
0 0 0 0 0 0 0 0 0 0.33305 0 0 0 0 0 0 0 0 0 0 0
0 0 0 0 0 0 0 0 0 0.29547 0 0 0 0 0 0 0 0 0 0 0
0 0 0 0 0 0 0 0 0 0.25809 0 0 0 0 0 0 0 0 0 0 0
0 0 0 0 0 0 0 0 0 0.22087 0 0 0 0 0 0 0 0 0 0 0
0 0 0 0 0 0 0 0 0 0.18379 0 0 0 0 0 0 0 0 0 0 0
0 0 0 0 0 0 0 0 0 0.14685 0 0 0 0 0 0 0 0 0 0 0
0 0 0 0 0 0 0 0 0 0.11002 0 0 0 0 0 0 0 0 0 0 0
0 0 0 0 0 0 0 0 0 0.073299 0 0 0 0 0 0 0 0 0 0 0
0 0 0 0 0 0 0 0 0 0.036625 0 0 0 0 0 0 0 0 0 0 0
0 0 0 0 0 0 0 0 0 0 0 0 0 0 0 0 0 0 0 0 0
