ncols         14
nrows         48
xllcorner     1600.000000
yllcorner     0.000000
cellsize      200
NODATA_value  -9999
0 0 0 0 0 0 0 0 0 0 0 0 0 0
0 0 0 0 0 0 0 0 0 0 0 0 0 0
0 0 0 0 0 0 0 3.3384 0 0 0 0 0 0
0 0 0 0 0 0 0 3.1558 0 0 0 0 0 0
0 0 0 0 0 0 0 2.9997 0 0 0 0 0 0
0 0 0 0 0 0 0 2.87 0 0 0 0 0 0
0 0 0 0 0 0 0 2.745 0 0 0 0 0 0
0 0 0 0 0 0 0 2.6304 0 0 0 0 0 0
0 0 0 0 0 0 0 2.5272 0 0 0 0 0 0
0 0 0 0 0 0 0 2.4284 0 0 0 0 0 0
0 0 0 0 0 0 0 2.334 0 0 0 0 0 0
0 0 0 0 0 0 0 2.2434 0 0 0 0 0 0
0 0 0 0 0 0 0 2.1563 0 0 0 0 0 0
0 0 0 0 0 0 0 2.0729 0 0 0 0 0 0
0 0 0 0 0 0 0 1.992 0 0 0 0 0 0
0 0 0 0 0 0 0 1.9125 0 0 0 0 0 0
0 0 0 0 0 0 2.1144 1.9164 1.8017 0 0 0 0 0
0 0 0 0 0 0 0 0 1.7275 0 0 0 0 0
0 0 0 0 0 0 0 0 1.6571 0 0 0 0 0
0 0 0 0 0 0 0 0 1.5882 0 0 0 0 0
0 0 0 0 0 0 0 0 1.5206 0 0 0 0 0
0 0 0 0 0 0 0 0 1.454 0 0 0 0 0
0 0 0 0 0 0 0 0 0 1.361 0 0 0 0
0 0 0 0 0 0 0 0 0 1.2962 0 0 0 0
0 0 0 0 0 0 0 0 0 1.2322 0 0 0 0
0 0 0 0 0 0 0 0 0 0 1.1435 0 0 0
0 0 0 0 0 0 0 0 0 0 1.0824 0 0 0
0 0 0 0 0 0 0 0 0 0 1.0221 0 0 0
0 0 0 0 0 0 1.4806 0 0 0 0.96242 0 0 0
0 0 0 0 0 1.4817 1.2836 1.2106 0 0 0.90334 0 0 0
0 0 0 0 0 0 0 1.0521 0 0 0.84476 0 0 0
0 0 0 0 0 0 0 0.92189 0 0 0.78664 0 0 0
0 0 0 0 1.4434 1.2506 1.0694 0.89521 0.75843 0.70485 0 0 0 0
0 0 0 0 0 0 0 0 0 0.65117 0 0 0 0
0 0 0 0 0 0 0 0 0 0.60175 0 0 0 0
0 0 0 0 0 0 0 0 0 0.55281 0 0 0 0
0 0 0 0 0 0 0 0 0 0.50424 0 0 0 0
0 0 0 0 0 0 0 0 0 0.45658 0 0 0 0
0 0 0 0 0 0 0 0 0 0.40978 0 0 0 0
0 0 0 0 0 0 0 0 0 0.36323 0 0 0 0
0 0 0 0 0 0 0 0 0 0.31702 0 0 0 0
0 0 0 0 0 0 0 0 0 0.27112 0 0 0 0
0 0 0 0 0 0 0 0 0 0.22545 0 0 0 0
0 0 0 0 0 0 0 0 0 0.18002 0 0 0 0
0 0 0 0 0 0 0 0 0 0.13482 0 0 0 0
0 0 0 0 0 0 0 0 0 0.089803 0 0 0 0
0 0 0 0 0 0 0 0 0 0.044879 0 0 0 0
0 0 0 0 0 0 0 0 0 0 0 0 0 0
