ncols         11
nrows         48
xllcorner     0.000000
yllcorner     0.000000
cellsize      200
NODATA_value  -9999
0 0 0 0 0 0 0 0 0 0 0
0 0 0 0 0 0 0 0 0 0 0
0 0 0 0 0 0 0 0 0 0 0
0 0 0 0 0 0 0 0 0 0 0
0 0 0 0 0 0 0 0 0 0 0
0 0 0 0 0 3.7901 0 0 0 0 0
0 0 0 0 0 3.6041 0 0 0 0 0
0 0 0 0 0 3.4298 0 0 0 0 0
0 0 0 0 0 3.2641 0 0 0 0 0
0 0 0 0 0 3.1123 0 0 0 0 0
0 0 0 0 0 2.9736 0 0 0 0 0
0 0 0 0 0 2.8399 0 0 0 0 0
0 0 2.7622 0 0 2.7097 0 0 0 0 0
0 0 2.5642 0 2.5383 0 0 0 0 0 0
0 0 2.3732 2.3792 0 0 0 0 0 0 0
0 0 2.2327 0 0 0 0 0 0 0 0
0 0 2.1396 0 0 0 0 0 0 0 0
0 0 2.0496 0 0 0 0 0 0 0 0
0 0 1.9614 0 0 0 0 0 0 0 0
0 0 1.8747 0 0 0 0 0 0 0 0
0 0 1.7892 0 0 0 0 0 0 0 0
0 0 1.7047 0 0 0 0 0 0 0 0
0 0 1.6208 0 0 0 0 0 0 0 0
0 0 1.5373 1.6256 1.7889 1.9609 0 0 0 0 0
0 0 1.4588 0 0 0 0 0 0 0 0
0 0 1.3857 0 0 0 0 0 0 0 0
0 0 1.314 0 0 0 0 0 0 0 0
0 0 1.2432 0 0 0 0 0 0 0 0
0 0 1.1737 0 0 0 0 0 0 0 0
0 0 1.1054 0 0 0 0 0 0 0 0
0 0 1.0378 0 0 0 0 0 0 0 0
0 0 0.97116 0 0 0 0 0 0 0 0
0 0 0.90536 0 0 0 0 0 0 0 0
0 0 0.8404 0 0 0 0 0 0 0 0
0 0 0.77624 0 0 0 0 0 0 0 0
0 0 0.71293 0 0 0 0 0 0 0 0
0 0 0.65018 0 0 0 0 0 0 0 0
0 0 0.58872 0 0 0 0 0 0 0 0
0 0 0.52853 0 0 0 0 0 0 0 0
0 0 0.46861 0 0 0 0 0 0 0 0
0 0 0.409 0 0 0 0 0 0 0 0
0 0 0.34972 0 0 0 0 0 0 0 0
0 0 0.29074 0 0 0 0 0 0 0 0
0 0 0.23207 0 0 0 0 0 0 0 0
0 0 0.1737 0 0 0 0 0 0 0 0
0 0 0.11557 0 0 0 0 0 0 0 0
0 0 0.057594 0 0 0 0 0 0 0 0
0 0 0 0 0 0 0 0 0 0 0
