ncols         10
nrows         48
xllcorner     10200.000000
yllcorner     0.000000
cellsize      200
NODATA_value  -9999
0 0 0 0 0 0 0 0 0 0
0 0 0 0 0 0 0 0 0 0
0 0 0 0 0 0 0 0 0 0
0 0 0 0 0 0 0 0 0 0
0 0 0 0 3.3346 0 0 0 0 0
0 0 0 0 3.1852 0 0 0 0 0
0 0 0 0 3.0513 0 0 0 0 0
0 0 0 0 2.9262 0 0 0 0 0
0 0 0 0 2.8082 0 0 0 0 0
0 0 0 0 2.6963 0 0 0 0 0
0 0 0 0 2.5893 0 0 0 0 0
0 0 0 0 2.4866 0 0 0 0 0
0 0 0 0 2.388 0 0 0 0 0
0 0 0 0 2.2931 0 0 0 0 0
0 0 0 0 2.2014 0 0 0 0 0
0 0 0 0 2.1126 0 0 0 0 0
0 0 0 0 2.0265 0 0 0 0 0
0 0 0 0 1.9428 0 0 0 0 0
0 0 0 0 1.8613 0 0 0 0 0
0 0 0 0 1.7816 0 0 0 0 0
0 0 0 0 1.7036 0 0 0 0 0
0 0 0 0 1.6273 0 0 0 0 0
0 0 0 0 1.5524 0 0 0 0 0
0 0 0 0 1.479 0 0 0 0 0
0 0 0 0 1.4069 0 0 0 0 0
0 0 0 0 1.3361 0 0 0 0 0
0 0 0 0 1.2665 0 0 0 0 0
0 0 0 0 1.1981 0 0 0 0 0
0 0 0 0 1.131 0 0 0 0 0
0 0 0 0 1.0651 0 0 0 0 0
0 0 0 0 1.0001 0 0 0 0 0
0 0 0 0 0.93587 0 0 0 0 0
0 0 0 0.8465 0 0 0 0 0 0
0 0 0 0.78477 0 0 0 0 0 0
0 0 0 0.72424 0 0 0 0 0 0
0 0 0 0.66458 0 0 0 0 0 0
0 0 0 0.6056 0 0 0 0 0 0
0 0 0 0.5478 0 0 0 0 0 0
0 0 0 0.49105 0 0 0 0 0 0
0 0 0 0.4347 0 0 0 0 0 0
0 0 0 0.37888 0 0 0 0 0 0
0 0 0 0.32358 0 0 0 0 0 0
0 0 0 0.26878 0 0 0 0 0 0
0 0 0 0.21447 0 0 0 0 0 0
0 0 0 0.16055 0 0 0 0 0 0
0 0 0 0.1069 0 0 0 0 0 0
0 0 0 0.053414 0 0 0 0 0 0
0 0 0 0 0 0 0 0 0 0
