ncols         16
nrows         48
xllcorner     3800.000000
yllcorner     0.000000
cellsize      200
NODATA_value  -9999
0 0 0 0 0 0 0 0 0 0 0 0 0 0 0 0
0 0 0 0 0 0 0 0 0 0 0 0 0 0 0 0
0 0 0 0 0 0 0 0 0 0 0 0 0 0 0 0
0 0 0 0 0 0 0 0 0 0 0 0 0 0 0 0
0 0 0 0 0 3.1097 0 0 0 0 0 0 0 0 0 0
0 0 0 0 0 2.9277 0 0 0 0 0 0 0 0 0 0
0 0 0 0 0 2.7608 0 0 0 0 3.1081 0 0 0 0 0
0 0 0 0 0 2.6186 0 0 0 0 2.9544 0 0 0 0 0
0 0 0 0 0 2.4998 0 0 0 0 2.8113 0 0 0 0 0
0 0 0 0 0 2.3862 0 0 0 0 2.6763 0 0 0 0 0
0 0 0 0 0 2.2779 0 0 0 0 2.5477 0 0 0 0 0
0 0 0 0 0 2.1752 0 0 0 0 2.4245 0 0 0 0 0
0 0 0 0 0 2.0759 0 0 0 0 2.3069 0 0 0 0 0
0 0 0 0 0 1.9803 0 0 0 0 2.195 0 0 0 0 0
0 0 0 0 0 1.8885 0 0 0 0 2.0878 0 0 0 0 0
0 0 0 0 0 1.7996 0 0 0 0 1.9843 0 0 0 0 0
0 0 0 0 0 1.713 0 0 0 0 1.8845 0 0 0 0 0
0 0 0 0 0 1.6287 0 0 0 0 1.7878 0 0 0 0 0
0 0 0 0 0 1.5463 0 0 0 0 1.6937 0 0 0 0 0
0 0 0 0 0 1.4657 0 0 0 0 1.6018 0 0 0 0 0
0 0 0 0 0 1.3865 0 0 0 1.4762 0 0 0 0 0 0
0 0 0 0 0 1.3085 0 0 1.3554 0 0 0 0 0 0 0
0 0 0 0 0 1.2316 0 1.2367 0 0 0 0 0 0 0 0
0 0 0 0 0 0 1.1378 0 0 0 0 0 0 0 0 0
0 0 0 0 0 0 1.0826 0 0 0 0 0 0 0 0 0
0 0 0 0 0 0 1.0288 0 0 0 0 0 0 0 0 0
0 0 0 0 0 0 0.97622 0 0 0 0 0 0 0 0 0
0 0 0 0 0 0 0.92475 0 0 0 0 0 0 0 0 0
0 0 0 0 0 0 0.87375 0 0 0 0 0 0 0 0 0
0 0 0 0 0 0 0.82336 0 0 0 0 0 0 0 0 0
0 0 0 0 0 0 0.77361 0 0 0 0 0 0 0 0 0
0 0 0 0 0 0 0.72446 0 0 0 0 0 0 0 0 0
0 0 0 0 0 0 0.67589 0 0 0 0 0 0 0 0 0
0 0 0 0 0 0 0.62789 0 0 0 0 0 0 0 0 0
0 0 0 0 0 0 0.58043 0 0 0 0 0 0 0 0 0
0 0 0 0 0 0 0.53349 0 0 0 0 0 0 0 0 0
0 0 0 0 0 0 0.48694 0 0 0 0 0 0 0 0 0
0 0 0 0 0 0 0.44112 0 0 0 0 0 0 0 0 0
0 0 0 0 0 0 0.39597 0 0 0 0 0 0 0 0 0
0 0 0 0 0 0 0.35104 0 0 0 0 0 0 0 0 0
0 0 0 0 0 0 0.30643 0 0 0 0 0 0 0 0 0
0 0 0 0 0 0 0.26209 0 0 0 0 0 0 0 0 0
0 0 0 0 0 0 0.21796 0 0 0 0 0 0 0 0 0
0 0 0 0 0 0 0.17404 0 0 0 0 0 0 0 0 0
0 0 0 0 0 0 0.13033 0 0 0 0 0 0 0 0 0
0 0 0 0 0 0 0.086793 0 0 0 0 0 0 0 0 0
0 0 0 0 0 0 0.043335 0 0 0 0 0 0 0 0 0
0 0 0 0 0 0 0 0 0 0 0 0 0 0 0 0
