ncols         17
nrows         48
xllcorner     6400.000000
yllcorner     0.000000
cellsize      200
NODATA_value  -9999
-9999 20.087 20.211 20.211 20.332 20.332 20.332 20.332 20.332 20.332 20.332 20.332 20.332 20.332 20.332 20.332 20.332
-9999 20.211 20.332 20.332 20.452 20.452 20.452 20.452 20.452 20.452 20.452 20.452 20.452 20.452 20.452 20.452 20.452
20.332 20.332 20.452 20.452 20.571 20.571 20.571 20.571 20.571 20.571 20.571 20.571 20.571 20.571 20.571 20.571 -9999
-9999 20.452 20.571 20.571 20.688 20.688 20.688 20.688 20.688 20.688 20.688 20.688 20.688 20.688 20.688 20.688 -9999
-9999 -9999 20.688 20.688 20.803 20.803 20.803 20.803 20.803 20.803 20.803 20.803 20.803 20.803 20.803 -9999 -9999
-9999 -9999 -9999 20.803 20.918 20.918 20.918 20.918 20.918 20.918 20.918 20.918 20.918 20.918 20.918 -9999 -9999
-9999 -9999 -9999 20.918 21.031 21.031 21.031 21.031 21.031 21.031 21.031 21.031 21.031 21.031 21.031 -9999 -9999
-9999 -9999 -9999 21.031 21.143 21.143 21.143 21.143 21.143 21.143 21.143 21.143 21.143 21.143 21.143 -9999 -9999
-9999 -9999 21.143 21.143 21.253 21.253 21.253 21.253 21.253 21.253 21.253 21.253 21.253 21.253 -9999 -9999 -9999
-9999 -9999 21.253 21.253 21.363 21.363 21.363 21.363 21.363 21.363 21.363 21.363 21.363 21.363 -9999 -9999 -9999
-9999 21.253 21.363 21.363 21.471 21.471 21.471 21.471 21.471 21.471 21.471 21.471 21.471 21.471 21.471 -9999 -9999
-9999 -9999 21.471 21.471 21.579 21.579 21.579 21.579 21.579 21.579 21.579 21.579 21.579 21.579 21.579 -9999 -9999
-9999 -9999 -9999 21.579 21.685 21.685 21.685 21.685 21.685 21.685 21.685 21.685 21.685 21.685 -9999 -9999 -9999
-9999 -9999 -9999 -9999 -9999 21.79 21.79 21.79 21.79 21.79 21.79 21.79 21.79 21.79 -9999 -9999 -9999
-9999 -9999 -9999 -9999 -9999 21.893 21.893 21.893 21.893 21.893 21.893 21.893 21.893 21.893 -9999 -9999 -9999
-9999 -9999 -9999 -9999 -9999 -9999 22.785 22.785 22.785 22.785 22.785 22.785 22.785 22.785 -9999 -9999 -9999
-9999 -9999 -9999 -9999 -9999 -9999 23.298 23.298 23.298 23.298 23.298 23.298 23.298 23.298 -9999 -9999 -9999
-9999 -9999 -9999 -9999 -9999 -9999 23.807 23.807 23.807 23.807 23.807 23.807 23.807 23.807 -9999 -9999 -9999
-9999 -9999 -9999 -9999 -9999 -9999 24.311 24.311 24.311 24.311 24.311 24.311 24.311 24.311 -9999 -9999 -9999
-9999 -9999 -9999 -9999 -9999 -9999 24.81 24.81 24.81 24.81 24.81 24.81 24.81 24.81 -9999 -9999 -9999
-9999 -9999 -9999 -9999 -9999 -9999 25.305 25.305 25.305 25.305 25.305 25.305 25.305 25.305 -9999 -9999 -9999
-9999 -9999 -9999 -9999 -9999 -9999 25.799 25.799 25.799 25.799 25.799 25.799 25.799 25.799 -9999 -9999 -9999
-9999 -9999 -9999 -9999 -9999 -9999 26.291 26.291 26.291 26.291 26.291 26.291 26.291 26.291 -9999 -9999 -9999
-9999 -9999 -9999 -9999 -9999 -9999 26.783 26.783 26.783 26.783 26.783 26.783 26.783 26.783 -9999 -9999 -9999
-9999 -9999 -9999 -9999 -9999 -9999 26.783 26.783 26.783 26.783 26.783 26.783 26.783 26.783 -9999 -9999 -9999
-9999 -9999 -9999 -9999 -9999 -9999 -9999 26.783 26.783 26.783 26.783 26.783 26.783 26.783 -9999 -9999 -9999
-9999 -9999 -9999 -9999 -9999 -9999 -9999 26.783 26.783 26.783 26.783 26.783 26.783 26.783 -9999 -9999 -9999
-9999 -9999 -9999 -9999 -9999 -9999 -9999 26.783 26.783 26.783 26.783 26.783 26.783 26.783 -9999 -9999 -9999
-9999 -9999 -9999 -9999 -9999 -9999 -9999 26.783 26.783 26.783 26.783 26.783 26.783 26.783 -9999 -9999 -9999
-9999 -9999 -9999 -9999 -9999 -9999 -9999 26.783 26.783 26.783 26.783 26.783 26.783 26.783 -9999 -9999 -9999
-9999 -9999 -9999 -9999 -9999 -9999 -9999 26.783 26.783 26.783 26.783 26.783 26.783 26.783 -9999 -9999 -9999
-9999 -9999 -9999 -9999 -9999 -9999 -9999 26.783 26.783 26.783 26.783 26.783 26.783 26.783 -9999 -9999 -9999
-9999 -9999 -9999 -9999 -9999 -9999 -9999 26.783 26.783 26.783 26.783 26.783 26.783 26.783 -9999 -9999 -9999
-9999 -9999 -9999 -9999 -9999 -9999 -9999 26.783 26.783 26.783 26.783 26.783 26.783 26.783 -9999 -9999 -9999
-9999 -9999 -9999 -9999 -9999 -9999 -9999 26.783 26.783 26.783 26.783 26.783 26.783 26.783 -9999 -9999 -9999
-9999 -9999 -9999 -9999 -9999 -9999 -9999 26.783 26.783 26.783 26.783 26.783 26.783 26.783 -9999 -9999 -9999
-9999 -9999 -9999 -9999 -9999 -9999 26.783 26.783 26.783 26.783 26.783 26.783 26.783 26.783 -9999 -9999 -9999
-9999 -9999 -9999 -9999 -9999 -9999 26.783 26.783 26.783 26.783 26.783 26.783 26.783 26.783 -9999 -9999 -9999
-9999 -9999 -9999 -9999 -9999 -9999 26.783 26.783 26.783 26.783 26.783 26.783 26.783 26.783 -9999 -9999 -9999
-9999 -9999 -9999 -9999 -9999 -9999 -9999 26.783 26.783 26.783 26.783 26.783 26.783 26.783 -9999 -9999 -9999
-9999 -9999 -9999 -9999 -9999 -9999 -9999 26.783 26.783 26.783 26.783 26.783 26.783 26.783 -9999 -9999 -9999
-9999 -9999 -9999 -9999 -9999 -9999 -9999 26.783 26.783 26.783 26.783 26.783 26.783 26.783 -9999 -9999 -9999
-9999 -9999 -9999 -9999 -9999 -9999 -9999 26.783 26.783 26.783 26.783 26.783 26.783 26.783 -9999 -9999 -9999
-9999 -9999 -9999 -9999 -9999 -9999 -9999 -9999 26.783 26.783 26.783 26.783 26.783 26.783 -9999 -9999 -9999
-9999 -9999 -9999 -9999 -9999 -9999 -9999 -9999 26.783 26.783 26.783 26.783 -9999 -9999 -9999 -9999 -9999
-9999 -9999 -9999 -9999 -9999 -9999 -9999 -9999 -9999 26.783 26.783 26.783 -9999 -9999 -9999 -9999 -9999
-9999 -9999 -9999 -9999 -9999 -9999 -9999 -9999 -9999 26.783 26.783 -9999 -9999 -9999 -9999 -9999 -9999
-9999 -9999 -9999 -9999 -9999 -9999 -9999 -9999 -9999 26.783 26.783 -9999 -9999 -9999 -9999 -9999 -9999
