ncols         7
nrows         35
xllcorner     6400.000000
yllcorner     0.000000
cellsize      200
NODATA_value  -9999
0 0 0 0 0 0 0
0 0 0 0 0 0 0
0 0 0 0 0 0 0
0 0 0 0 0 0 0
0 0 0 0 0 0 0
0 0 0 0 0 0 0
0 0 0 0 0 0 0
0 0 0 0 3.0004 0 0
0 0 0 0 2.8175 0 0
0 0 0 0 2.6469 0 0
0 0 0 0 2.4876 0 0
0 0 0 0 2.3375 0 0
0 0 0 0 2.1952 0 0
0 0 0 0 2.0597 0 0
0 0 0 0 1.9304 0 0
0 0 0 0 1.8072 0 0
0 0 0 0 1.6897 0 0
0 0 0 0 1.5775 0 0
0 0 0 0 1.4699 0 0
0 0 0 0 1.3664 0 0
0 0 0 0 1.2666 0 0
0 0 0 0 1.1701 0 0
0 0 0 0 1.0766 0 0
0 0 0 0 0.98552 0 0
0 0 0 0 0.89659 0 0
0 0 0 0 0.80938 0 0
0 0 0 0 0.72346 0 0
0 0 0 0 0.63908 0 0
0 0 0 0 0.55603 0 0
0 0 0 0 0.4741 0 0
0 0 0 0 0.39325 0 0
0 0 0 0 0.31344 0 0
0 0 0 0 0.2345 0 0
0 0 0 0 0.15606 0 0
0 0 0 0 0.077851 0 0
