ncols         7
nrows         35
xllcorner     6400.000000
yllcorner     0.000000
cellsize      200
NODATA_value  -9999
-9999 -9999 -9999 16.405 16.405 -9999 -9999
-9999 -9999 -9999 16.568 16.568 -9999 -9999
-9999 -9999 19.043 19.043 19.043 19.043 -9999
-9999 -9999 19.847 19.847 19.847 19.847 -9999
-9999 -9999 20.64 20.64 20.64 20.64 -9999
-9999 -9999 21.423 21.423 21.423 21.423 -9999
-9999 -9999 22.198 22.198 22.198 22.198 -9999
-9999 -9999 22.967 22.967 22.967 22.967 -9999
-9999 -9999 23.729 23.729 23.729 23.729 -9999
-9999 24.493 24.493 24.493 24.493 24.493 -9999
-9999 25.26 25.26 25.26 25.26 25.26 -9999
-9999 25.26 25.26 25.26 25.26 25.26 -9999
-9999 -9999 25.26 25.26 25.26 25.26 25.26
-9999 -9999 25.26 25.26 25.26 25.26 25.26
-9999 25.26 25.26 25.26 25.26 25.26 25.26
-9999 25.26 25.26 25.26 25.26 25.26 25.26
25.26 25.26 25.26 25.26 25.26 25.26 25.26
25.26 25.26 25.26 25.26 25.26 25.26 25.26
25.26 25.26 25.26 25.26 25.26 25.26 25.26
25.26 25.26 25.26 25.26 25.26 25.26 25.26
25.26 25.26 25.26 25.26 25.26 25.26 25.26
25.26 25.26 25.26 25.26 25.26 25.26 25.26
25.26 25.26 25.26 25.26 25.26 25.26 25.26
-9999 25.26 25.26 25.26 25.26 25.26 -9999
-9999 25.26 25.26 25.26 25.26 25.26 -9999
-9999 25.26 25.26 25.26 25.26 25.26 -9999
-9999 -9999 25.26 25.26 25.26 25.26 25.26
-9999 -9999 25.26 25.26 25.26 25.26 25.26
-9999 -9999 -9999 25.26 25.26 25.26 25.26
-9999 -9999 -9999 25.26 25.26 25.26 25.26
-9999 -9999 -9999 25.26 25.26 25.26 25.26
-9999 -9999 -9999 25.26 25.26 25.26 25.26
-9999 -9999 -9999 25.26 25.26 25.26 -9999
-9999 -9999 -9999 -9999 25.26 25.26 -9999
-9999 -9999 -9999 -9999 25.26 25.26 -9999
