ncols         6
nrows         9
xllcorner     13400.000000
yllcorner     0.000000
cellsize      200
NODATA_value  -9999
26.712 17.181 11.475 15.95 22.633 32.456
25.33 15.739 9.8178 14.496 21.235 31.102
24.016 14.384 8.3129 13.139 19.936 29.745
22.765 13.099 6.9125 13.094 22.776 -32768
21.558 11.859 5.5579 11.859 21.575 -32768
20.39 10.667 4.2302 10.667 20.388 -32768
-32768 12.294 2.9077 12.294 -32768 -32768
-32768 9.8801 1.5185 9.8804 -32768 -32768
-32768 0.00044013 0.00014215 0.00067279 -32768 -32768
